-7.543168067932128906e-01 -7.191022038459777832e-01
-7.307424545288085938e-01 -5.280601978302001953e-01
-7.075496315956115723e-01 -3.334206938743591309e-01
-6.820083856582641602e-01 -1.436124742031097412e-01
-6.203721165657043457e-01 3.070828877389431000e-02
-5.266487002372741699e-01 1.873890310525894165e-01
-3.816295564174652100e-01 3.044638931751251221e-01
-1.966780573129653931e-01 3.788551390171051025e-01
-9.411284700036048889e-03 3.992479741573333740e-01
1.782759130001068115e-01 3.751846551895141602e-01
3.699889779090881348e-01 3.015980422496795654e-01
5.092048048973083496e-01 1.793032735586166382e-01
6.028051376342773438e-01 2.211777865886688232e-02
6.614418029785156250e-01 -1.520486325025558472e-01
6.891921758651733398e-01 -3.419421911239624023e-01
7.128332257270812988e-01 -5.347028970718383789e-01
7.383309602737426758e-01 -7.218844890594482422e-01
-6.268948912620544434e-01 -8.320974707603454590e-01
-5.428192615509033203e-01 -1.011697649955749512e+00
-3.978765010833740234e-01 -1.047782063484191895e+00
-2.403563261032104492e-01 -1.029389500617980957e+00
-1.039903238415718079e-01 -9.877032041549682617e-01
1.015757024288177490e-01 -9.860172867774963379e-01
2.359784543514251709e-01 -1.028303265571594238e+00
3.921404778957366943e-01 -1.048940539360046387e+00
5.336355566978454590e-01 -1.016175985336303711e+00
6.147440671920776367e-01 -8.362153768539428711e-01
1.749453484080731869e-03 -8.570186495780944824e-01
2.184764249250292778e-03 -7.372081279754638672e-01
3.659483336377888918e-04 -6.293189525604248047e-01
1.319805305683985353e-04 -5.108718276023864746e-01
-1.268420666456222534e-01 -3.749887347221374512e-01
-6.873460859060287476e-02 -3.526076674461364746e-01
-4.583934787660837173e-03 -3.333342671394348145e-01
5.978378653526306152e-02 -3.524129986763000488e-01
1.175300404429435730e-01 -3.742360174655914307e-01
-4.705639183521270752e-01 -7.760976552963256836e-01
-3.792431652545928955e-01 -8.389946818351745605e-01
-2.759124338626861572e-01 -8.366828560829162598e-01
-1.807349324226379395e-01 -7.799003124237060547e-01
-2.692905366420745850e-01 -7.494235634803771973e-01
-3.692265748977661133e-01 -7.442422509193420410e-01
1.780125051736831665e-01 -7.800447940826416016e-01
2.717864811420440674e-01 -8.355431556701660156e-01
3.753720223903656006e-01 -8.375480175018310547e-01
4.662966132164001465e-01 -7.760321497917175293e-01
3.635882735252380371e-01 -7.445049285888671875e-01
2.642936408519744873e-01 -7.501190900802612305e-01
-2.451510429382324219e-01 -1.156208738684654236e-01
-1.759675294160842896e-01 -1.701823920011520386e-01
-7.187864184379577637e-02 -1.986542791128158569e-01
-4.579691682010889053e-03 -1.929953694343566895e-01
6.355720013380050659e-02 -1.981597691774368286e-01
1.644858121871948242e-01 -1.682355105876922607e-01
2.300051301717758179e-01 -1.121350899338722229e-01
1.611997783184051514e-01 -6.652207672595977783e-02
6.101646274328231812e-02 -4.491902515292167664e-02
-8.708260022103786469e-03 -4.115527868270874023e-02
-7.868497073650360107e-02 -4.811683297157287598e-02
-1.795831024646759033e-01 -7.290384173393249512e-02
-2.410129457712173462e-01 -1.169015541672706604e-01
-7.230677455663681030e-02 -1.312440633773803711e-01
-5.941646173596382141e-03 -1.346647739410400391e-01
6.072385609149932861e-02 -1.290237456560134888e-01
2.282639294862747192e-01 -1.127595826983451843e-01
6.291665136814117432e-02 -1.185500249266624451e-01
-6.834518630057573318e-03 -1.179661154747009277e-01
-7.814221829175949097e-02 -1.205668672919273376e-01
