-7.652410864830017090e-01 -7.144881486892700195e-01 3.695330917835235596e-01 1.000000000000000000e+00
-7.530923485755920410e-01 -5.050731301307678223e-01 3.861152827739715576e-01 1.000000000000000000e+00
-7.267184853553771973e-01 -2.699492573738098145e-01 3.877445459365844727e-01 1.000000000000000000e+00
-6.880837082862854004e-01 -7.753761112689971924e-02 3.015561699867248535e-01 1.000000000000000000e+00
-6.160665154457092285e-01 9.554736316204071045e-02 1.399393230676651001e-01 1.000000000000000000e+00
-5.095771551132202148e-01 2.273466140031814575e-01 -8.763466775417327881e-02 1.000000000000000000e+00
-3.634553849697113037e-01 3.246666789054870605e-01 -2.588970959186553955e-01 1.000000000000000000e+00
-1.937677562236785889e-01 3.855080008506774902e-01 -4.306142628192901611e-01 1.000000000000000000e+00
5.443493369966745377e-03 4.197969436645507812e-01 -4.555864036083221436e-01 1.000000000000000000e+00
1.761170625686645508e-01 3.815863132476806641e-01 -4.252475500106811523e-01 1.000000000000000000e+00
3.506178557872772217e-01 3.226041495800018311e-01 -2.533374130725860596e-01 1.000000000000000000e+00
4.916115105152130127e-01 2.209647297859191895e-01 -8.324711769819259644e-02 1.000000000000000000e+00
5.952531695365905762e-01 8.709238469600677490e-02 1.424091011285781860e-01 1.000000000000000000e+00
6.611545681953430176e-01 -8.686109632253646851e-02 3.010876774787902832e-01 1.000000000000000000e+00
7.048684954643249512e-01 -2.728886902332305908e-01 3.785984218120574951e-01 1.000000000000000000e+00
7.309396266937255859e-01 -5.082720518112182617e-01 3.663225769996643066e-01 1.000000000000000000e+00
7.458152770996093750e-01 -7.178914546966552734e-01 3.511924147605895996e-01 1.000000000000000000e+00
-6.268948912620544434e-01 -8.320974707603454590e-01 -1.107309311628341675e-01 1.000000000000000000e+00
-5.428192615509033203e-01 -1.011697649955749512e+00 -2.736186385154724121e-01 1.000000000000000000e+00
-3.978765010833740234e-01 -1.047782063484191895e+00 -4.187330603599548340e-01 1.000000000000000000e+00
-2.403563261032104492e-01 -1.029389500617980957e+00 -4.952365458011627197e-01 1.000000000000000000e+00
-1.039903238415718079e-01 -9.877032041549682617e-01 -5.142865777015686035e-01 1.000000000000000000e+00
1.015757024288177490e-01 -9.860172867774963379e-01 -5.168079733848571777e-01 1.000000000000000000e+00
2.359784543514251709e-01 -1.028303265571594238e+00 -5.034211874008178711e-01 1.000000000000000000e+00
3.921404778957366943e-01 -1.048940539360046387e+00 -4.262775480747222900e-01 1.000000000000000000e+00
5.336355566978454590e-01 -1.016175985336303711e+00 -2.810444831848144531e-01 1.000000000000000000e+00
6.147440671920776367e-01 -8.362153768539428711e-01 -1.208974570035934448e-01 1.000000000000000000e+00
1.749453484080731869e-03 -8.570186495780944824e-01 -5.528444051742553711e-01 1.000000000000000000e+00
2.184764249250292778e-03 -7.372081279754638672e-01 -6.505355834960937500e-01 1.000000000000000000e+00
3.659483336377888918e-04 -6.293189525604248047e-01 -7.397619485855102539e-01 1.000000000000000000e+00
1.319805305683985353e-04 -5.108718276023864746e-01 -8.223842978477478027e-01 1.000000000000000000e+00
-1.268420666456222534e-01 -3.749887347221374512e-01 -5.695667862892150879e-01 1.000000000000000000e+00
-6.873460859060287476e-02 -3.526076674461364746e-01 -6.097375750541687012e-01 1.000000000000000000e+00
-4.583934787660837173e-03 -3.333342671394348145e-01 -6.339952349662780762e-01 1.000000000000000000e+00
5.978378653526306152e-02 -3.524129986763000488e-01 -6.125722527503967285e-01 1.000000000000000000e+00
1.175300404429435730e-01 -3.742360174655914307e-01 -5.717934966087341309e-01 1.000000000000000000e+00
-4.705639183521270752e-01 -7.760976552963256836e-01 -2.757207155227661133e-01 1.000000000000000000e+00
-3.792431652545928955e-01 -8.389946818351745605e-01 -3.704296648502349854e-01 1.000000000000000000e+00
-2.759124338626861572e-01 -8.366828560829162598e-01 -3.752337098121643066e-01 1.000000000000000000e+00
-1.807349324226379395e-01 -7.799003124237060547e-01 -3.436553776264190674e-01 1.000000000000000000e+00
-2.692905366420745850e-01 -7.494235634803771973e-01 -3.600272238254547119e-01 1.000000000000000000e+00
-3.692265748977661133e-01 -7.442422509193420410e-01 -3.506965637207031250e-01 1.000000000000000000e+00
1.780125051736831665e-01 -7.800447940826416016e-01 -3.453170657157897949e-01 1.000000000000000000e+00
2.717864811420440674e-01 -8.355431556701660156e-01 -3.791960775852203369e-01 1.000000000000000000e+00
3.753720223903656006e-01 -8.375480175018310547e-01 -3.772209286689758301e-01 1.000000000000000000e+00
4.662966132164001465e-01 -7.760321497917175293e-01 -2.822384834289550781e-01 1.000000000000000000e+00
3.635882735252380371e-01 -7.445049285888671875e-01 -3.543417751789093018e-01 1.000000000000000000e+00
2.642936408519744873e-01 -7.501190900802612305e-01 -3.623059988021850586e-01 1.000000000000000000e+00
-2.451510429382324219e-01 -1.156208738684654236e-01 -4.653322696685791016e-01 1.000000000000000000e+00
-1.759675294160842896e-01 -1.701823920011520386e-01 -5.630084872245788574e-01 1.000000000000000000e+00
-7.187864184379577637e-02 -1.986542791128158569e-01 -6.183332204818725586e-01 1.000000000000000000e+00
-4.579691682010889053e-03 -1.929953694343566895e-01 -6.276289224624633789e-01 1.000000000000000000e+00
6.355720013380050659e-02 -1.981597691774368286e-01 -6.217361688613891602e-01 1.000000000000000000e+00
1.644858121871948242e-01 -1.682355105876922607e-01 -5.674202442169189453e-01 1.000000000000000000e+00
2.300051301717758179e-01 -1.121350899338722229e-01 -4.698820114135742188e-01 1.000000000000000000e+00
1.611997783184051514e-01 -6.652207672595977783e-02 -5.442037582397460938e-01 1.000000000000000000e+00
6.101646274328231812e-02 -4.491902515292167664e-02 -6.053490638732910156e-01 1.000000000000000000e+00
-8.708260022103786469e-03 -4.115527868270874023e-02 -6.106029152870178223e-01 1.000000000000000000e+00
-7.868497073650360107e-02 -4.811683297157287598e-02 -6.050158739089965820e-01 1.000000000000000000e+00
-1.795831024646759033e-01 -7.290384173393249512e-02 -5.447623729705810547e-01 1.000000000000000000e+00
-2.410129457712173462e-01 -1.169015541672706604e-01 -4.614606797695159912e-01 1.000000000000000000e+00
-7.230677455663681030e-02 -1.312440633773803711e-01 -5.661968588829040527e-01 1.000000000000000000e+00
-5.941646173596382141e-03 -1.346647739410400391e-01 -5.691873431205749512e-01 1.000000000000000000e+00
6.072385609149932861e-02 -1.290237456560134888e-01 -5.678233504295349121e-01 1.000000000000000000e+00
2.282639294862747192e-01 -1.127595826983451843e-01 -4.693171977996826172e-01 1.000000000000000000e+00
6.291665136814117432e-02 -1.185500249266624451e-01 -5.763018131256103516e-01 1.000000000000000000e+00
-6.834518630057573318e-03 -1.179661154747009277e-01 -5.855319499969482422e-01 1.000000000000000000e+00
-7.814221829175949097e-02 -1.205668672919273376e-01 -5.754281282424926758e-01 1.000000000000000000e+00
