-5.255213975906372070e-01 -4.618224799633026123e-01 3.658152222633361816e-01 1.000000000000000000e+00
-5.155586004257202148e-01 -2.631548941135406494e-01 3.756794631481170654e-01 1.000000000000000000e+00
-4.947616457939147949e-01 -3.955917432904243469e-02 3.728044927120208740e-01 1.000000000000000000e+00
-4.534978568553924561e-01 1.480781435966491699e-01 2.930169999599456787e-01 1.000000000000000000e+00
-3.874812722206115723e-01 3.144900202751159668e-01 1.385755538940429688e-01 1.000000000000000000e+00
-2.859936356544494629e-01 4.371233582496643066e-01 -7.828540354967117310e-02 1.000000000000000000e+00
-1.457607150077819824e-01 5.271978378295898438e-01 -2.379252165555953979e-01 1.000000000000000000e+00
1.670276746153831482e-02 5.808688998222351074e-01 -4.040888845920562744e-01 1.000000000000000000e+00
2.045109421014785767e-01 6.130200028419494629e-01 -4.265954494476318359e-01 1.000000000000000000e+00
3.669042289257049561e-01 5.789765119552612305e-01 -4.007681012153625488e-01 1.000000000000000000e+00
5.313831567764282227e-01 5.258139967918395996e-01 -2.350145429372787476e-01 1.000000000000000000e+00
6.684246659278869629e-01 4.316624999046325684e-01 -7.580732554197311401e-02 1.000000000000000000e+00
7.683241963386535645e-01 3.084544539451599121e-01 1.400570422410964966e-01 1.000000000000000000e+00
8.321275711059570312e-01 1.424736827611923218e-01 2.921603620052337646e-01 1.000000000000000000e+00
8.716788291931152344e-01 -4.121785983443260193e-02 3.659002184867858887e-01 1.000000000000000000e+00
8.929399847984313965e-01 -2.652768194675445557e-01 3.600800037384033203e-01 1.000000000000000000e+00
9.091054797172546387e-01 -4.646338820457458496e-01 3.526702225208282471e-01 1.000000000000000000e+00
-4.050919711589813232e-01 -5.700602531433105469e-01 -9.234020113945007324e-02 1.000000000000000000e+00
-3.163784146308898926e-01 -7.436622977256774902e-01 -2.373190522193908691e-01 1.000000000000000000e+00
-1.766271144151687622e-01 -7.800661325454711914e-01 -3.681057989597320557e-01 1.000000000000000000e+00
-2.560917288064956665e-02 -7.604913115501403809e-01 -4.370586276054382324e-01 1.000000000000000000e+00
1.008226051926612854e-01 -7.151589393615722656e-01 -4.569937586784362793e-01 1.000000000000000000e+00
2.928858995437622070e-01 -7.158627510070800781e-01 -4.588896036148071289e-01 1.000000000000000000e+00
4.191577732563018799e-01 -7.631736993789672852e-01 -4.443147480487823486e-01 1.000000000000000000e+00
5.697547793388366699e-01 -7.833524942398071289e-01 -3.751968145370483398e-01 1.000000000000000000e+00
7.072079181671142578e-01 -7.480165362358093262e-01 -2.432493716478347778e-01 1.000000000000000000e+00
7.929693460464477539e-01 -5.733630657196044922e-01 -1.003295183181762695e-01 1.000000000000000000e+00
1.972534656524658203e-01 -5.581862330436706543e-01 -4.858157336711883545e-01 1.000000000000000000e+00
1.989461630582809448e-01 -4.321537017822265625e-01 -5.777499675750732422e-01 1.000000000000000000e+00
1.983592808246612549e-01 -3.380705118179321289e-01 -6.633276939392089844e-01 1.000000000000000000e+00
1.981573402881622314e-01 -2.376676648855209351e-01 -7.295025587081909180e-01 1.000000000000000000e+00
6.618563830852508545e-02 -1.081703156232833862e-01 -5.368816852569580078e-01 1.000000000000000000e+00
1.300698369741439819e-01 -8.897126466035842896e-02 -5.715020298957824707e-01 1.000000000000000000e+00
1.954660117626190186e-01 -7.265058904886245728e-02 -5.938546657562255859e-01 1.000000000000000000e+00
2.615450918674468994e-01 -8.847267925739288330e-02 -5.741258859634399414e-01 1.000000000000000000e+00
3.253062665462493896e-01 -1.064599528908729553e-01 -5.406971573829650879e-01 1.000000000000000000e+00
-2.590403556823730469e-01 -5.079630613327026367e-01 -2.762118875980377197e-01 1.000000000000000000e+00
-1.705979704856872559e-01 -5.658656954765319824e-01 -3.699274063110351562e-01 1.000000000000000000e+00
-7.363002747297286987e-02 -5.613075494766235352e-01 -3.789258599281311035e-01 1.000000000000000000e+00
1.310869492590427399e-02 -5.052562952041625977e-01 -3.509656786918640137e-01 1.000000000000000000e+00
-6.885037571191787720e-02 -4.781928658485412598e-01 -3.644494116306304932e-01 1.000000000000000000e+00
-1.653930842876434326e-01 -4.732675254344940186e-01 -3.542674779891967773e-01 1.000000000000000000e+00
3.784450888633728027e-01 -5.045698881149291992e-01 -3.562516272068023682e-01 1.000000000000000000e+00
4.645259380340576172e-01 -5.599514245986938477e-01 -3.857965171337127686e-01 1.000000000000000000e+00
5.616299510002136230e-01 -5.656870007514953613e-01 -3.778772950172424316e-01 1.000000000000000000e+00
6.509611010551452637e-01 -5.090669393539428711e-01 -2.835819721221923828e-01 1.000000000000000000e+00
5.562821626663208008e-01 -4.738504588603973389e-01 -3.613441288471221924e-01 1.000000000000000000e+00
4.599131345748901367e-01 -4.785307049751281738e-01 -3.706605136394500732e-01 1.000000000000000000e+00
-4.020288959145545959e-02 1.282444000244140625e-01 -4.864410161972045898e-01 1.000000000000000000e+00
2.708644606173038483e-02 8.540803194046020508e-02 -5.769590139389038086e-01 1.000000000000000000e+00
1.301674246788024902e-01 5.896470323204994202e-02 -6.264314651489257812e-01 1.000000000000000000e+00
1.960417628288269043e-01 6.452189385890960693e-02 -6.360087394714355469e-01 1.000000000000000000e+00
2.624572217464447021e-01 5.855387449264526367e-02 -6.293561458587646484e-01 1.000000000000000000e+00
3.617514669895172119e-01 8.566976338624954224e-02 -5.804023146629333496e-01 1.000000000000000000e+00
4.251334071159362793e-01 1.285896748304367065e-01 -4.897487163543701172e-01 1.000000000000000000e+00
3.577468991279602051e-01 1.700418591499328613e-01 -5.632483959197998047e-01 1.000000000000000000e+00
2.605640292167663574e-01 1.907315105199813843e-01 -6.291329860687255859e-01 1.000000000000000000e+00
1.917275488376617432e-01 1.953087896108627319e-01 -6.350042223930358887e-01 1.000000000000000000e+00
1.225047484040260315e-01 1.887885183095932007e-01 -6.275662183761596680e-01 1.000000000000000000e+00
2.331414818763732910e-02 1.662457585334777832e-01 -5.640659928321838379e-01 1.000000000000000000e+00
-3.489333018660545349e-02 1.272365152835845947e-01 -4.847066104412078857e-01 1.000000000000000000e+00
1.302461624145507812e-01 1.272963285446166992e-01 -5.858722925186157227e-01 1.000000000000000000e+00
1.946781277656555176e-01 1.258577853441238403e-01 -5.889933705329895020e-01 1.000000000000000000e+00
2.592577338218688965e-01 1.284200996160507202e-01 -5.864129066467285156e-01 1.000000000000000000e+00
4.230878949165344238e-01 1.281973570585250854e-01 -4.898513257503509521e-01 1.000000000000000000e+00
2.603384554386138916e-01 1.147639304399490356e-01 -6.023734807968139648e-01 1.000000000000000000e+00
1.926542967557907104e-01 1.150330379605293274e-01 -6.110597252845764160e-01 1.000000000000000000e+00
1.245892196893692017e-01 1.143273636698722839e-01 -6.008076667785644531e-01 1.000000000000000000e+00
