-5.150101780891418457e-01 -4.655023813247680664e-01
-4.993269741535186768e-01 -2.791825234889984131e-01
-4.758730232715606689e-01 -9.157552570104598999e-02
-4.515472650527954102e-01 8.763220906257629395e-02
-3.934405744075775146e-01 2.535286247730255127e-01
-3.033083975315093994e-01 4.001608192920684814e-01
-1.627810597419738770e-01 5.082166194915771484e-01
1.413258537650108337e-02 5.744442939758300781e-01
1.911222934722900391e-01 5.933725833892822266e-01
3.689580857753753662e-01 5.726185441017150879e-01
5.499013066291809082e-01 5.057139396667480469e-01
6.857609152793884277e-01 3.924861550331115723e-01
7.754721641540527344e-01 2.454646378755569458e-01
8.305715918540954590e-01 7.994123548269271851e-02
8.555660843849182129e-01 -9.940195083618164062e-02
8.784616589546203613e-01 -2.854636907577514648e-01
8.985050916671752930e-01 -4.674421250820159912e-01
-4.050919711589813232e-01 -5.700602531433105469e-01
-3.163784146308898926e-01 -7.436622977256774902e-01
-1.766271144151687622e-01 -7.800661325454711914e-01
-2.560917288064956665e-02 -7.604913115501403809e-01
1.008226051926612854e-01 -7.151589393615722656e-01
2.928858995437622070e-01 -7.158627510070800781e-01
4.191577732563018799e-01 -7.631736993789672852e-01
5.697547793388366699e-01 -7.833524942398071289e-01
7.072079181671142578e-01 -7.480165362358093262e-01
7.929693460464477539e-01 -5.733630657196044922e-01
1.972534656524658203e-01 -5.581862330436706543e-01
1.989461630582809448e-01 -4.321537017822265625e-01
1.983592808246612549e-01 -3.380705118179321289e-01
1.981573402881622314e-01 -2.376676648855209351e-01
6.618563830852508545e-02 -1.081703156232833862e-01
1.300698369741439819e-01 -8.897126466035842896e-02
1.954660117626190186e-01 -7.265058904886245728e-02
2.615450918674468994e-01 -8.847267925739288330e-02
3.253062665462493896e-01 -1.064599528908729553e-01
-2.590403556823730469e-01 -5.079630613327026367e-01
-1.705979704856872559e-01 -5.658656954765319824e-01
-7.363002747297286987e-02 -5.613075494766235352e-01
1.310869492590427399e-02 -5.052562952041625977e-01
-6.885037571191787720e-02 -4.781928658485412598e-01
-1.653930842876434326e-01 -4.732675254344940186e-01
3.784450888633728027e-01 -5.045698881149291992e-01
4.645259380340576172e-01 -5.599514245986938477e-01
5.616299510002136230e-01 -5.656870007514953613e-01
6.509611010551452637e-01 -5.090669393539428711e-01
5.562821626663208008e-01 -4.738504588603973389e-01
4.599131345748901367e-01 -4.785307049751281738e-01
-4.020288959145545959e-02 1.282444000244140625e-01
2.708644606173038483e-02 8.540803194046020508e-02
1.301674246788024902e-01 5.896470323204994202e-02
1.960417628288269043e-01 6.452189385890960693e-02
2.624572217464447021e-01 5.855387449264526367e-02
3.617514669895172119e-01 8.566976338624954224e-02
4.251334071159362793e-01 1.285896748304367065e-01
3.577468991279602051e-01 1.700418591499328613e-01
2.605640292167663574e-01 1.907315105199813843e-01
1.917275488376617432e-01 1.953087896108627319e-01
1.225047484040260315e-01 1.887885183095932007e-01
2.331414818763732910e-02 1.662457585334777832e-01
-3.489333018660545349e-02 1.272365152835845947e-01
1.302461624145507812e-01 1.272963285446166992e-01
1.946781277656555176e-01 1.258577853441238403e-01
2.592577338218688965e-01 1.284200996160507202e-01
4.230878949165344238e-01 1.281973570585250854e-01
2.603384554386138916e-01 1.147639304399490356e-01
1.926542967557907104e-01 1.150330379605293274e-01
1.245892196893692017e-01 1.143273636698722839e-01
