-8.677746653556823730e-01 -5.198791027069091797e-01
-8.497376441955566406e-01 -3.365825116634368896e-01
-8.274781703948974609e-01 -1.520210206508636475e-01
-8.008835911750793457e-01 2.243911661207675934e-02
-7.373542189598083496e-01 1.809346824884414673e-01
-6.408890485763549805e-01 3.189583420753479004e-01
-4.974967539310455322e-01 4.188618361949920654e-01
-3.173740208148956299e-01 4.816130697727203369e-01
-1.405174285173416138e-01 5.010334849357604980e-01
3.636392578482627869e-02 4.780266582965850830e-01
2.192255109548568726e-01 4.149685204029083252e-01
3.587992489337921143e-01 3.103981018066406250e-01
4.554202258586883545e-01 1.722542941570281982e-01
5.155801773071289062e-01 1.340445131063461304e-02
5.442006587982177734e-01 -1.615450531244277954e-01
5.656364560127258301e-01 -3.453430235385894775e-01
5.890024304389953613e-01 -5.255646109580993652e-01
-7.536745667457580566e-01 -6.264367699623107910e-01
-6.585538983345031738e-01 -7.999572753906250000e-01
-5.123303532600402832e-01 -8.378159999847412109e-01
-3.585527837276458740e-01 -8.202993869781494141e-01
-2.300911396741867065e-01 -7.760937213897705078e-01
-3.587483987212181091e-02 -7.764317393302917480e-01
9.241042286157608032e-02 -8.221310377120971680e-01
2.452747225761413574e-01 -8.407911062240600586e-01
3.871762454509735107e-01 -8.051919937133789062e-01
4.795587360858917236e-01 -6.320251226425170898e-01
-1.317733824253082275e-01 -6.246752142906188965e-01
-1.304011344909667969e-01 -5.038377642631530762e-01
-1.310094743967056274e-01 -4.108006954193115234e-01
-1.303978711366653442e-01 -3.115698993206024170e-01
-2.606708109378814697e-01 -1.891010254621505737e-01
-1.989625692367553711e-01 -1.704723984003067017e-01
-1.352582871913909912e-01 -1.546934098005294800e-01
-7.112938910722732544e-02 -1.703603863716125488e-01
-1.029598899185657501e-02 -1.881430149078369141e-01
-5.964797139167785645e-01 -5.644474625587463379e-01
-5.075297355651855469e-01 -6.228998303413391113e-01
-4.101063907146453857e-01 -6.192876696586608887e-01
-3.217661678791046143e-01 -5.645711421966552734e-01
-4.051344990730285645e-01 -5.367128252983093262e-01
-5.013397336006164551e-01 -5.313420295715332031e-01
5.087512731552124023e-02 -5.645226240158081055e-01
1.389006525278091431e-01 -6.180390119552612305e-01
2.367281466722488403e-01 -6.230128407478332520e-01
3.257372975349426270e-01 -5.658043026924133301e-01
2.296133786439895630e-01 -5.323430299758911133e-01
1.336162239313125610e-01 -5.379127264022827148e-01
-3.683705031871795654e-01 4.208817332983016968e-02
-3.023610711097717285e-01 -6.027441937476396561e-03
-2.000113129615783691e-01 -3.343421593308448792e-02
-1.345343291759490967e-01 -2.846470288932323456e-02
-6.856811791658401489e-02 -3.360110893845558167e-02
2.984374016523361206e-02 -5.458714440464973450e-03
9.274643659591674805e-02 4.273409023880958557e-02
2.561086416244506836e-02 8.500675112009048462e-02
-7.020324468612670898e-02 1.052168086171150208e-01
-1.383838206529617310e-01 1.095742285251617432e-01
-2.071236222982406616e-01 1.034305393695831299e-01
-3.055113255977630615e-01 8.134659379720687866e-02
-3.631609678268432617e-01 4.100885987281799316e-02
-1.991752386093139648e-01 3.179972991347312927e-02
-1.358949542045593262e-01 2.989034540951251984e-02
-7.237535715103149414e-02 3.347142040729522705e-02
9.072388708591461182e-02 4.216977953910827637e-02
-7.118823379278182983e-02 3.286875784397125244e-02
-1.378355324268341064e-01 3.326647356152534485e-02
-2.048580199480056763e-01 3.236032649874687195e-02
