-8.768247365951538086e-01 -5.153833031654357910e-01 3.617268204689025879e-01 1.000000000000000000e+00
-8.599392771720886230e-01 -3.181615173816680908e-01 3.739652335643768311e-01 1.000000000000000000e+00
-8.340252041816711426e-01 -9.960583597421646118e-02 3.747085034847259521e-01 1.000000000000000000e+00
-7.996817827224731445e-01 8.185350149869918823e-02 2.962177991867065430e-01 1.000000000000000000e+00
-7.299837470054626465e-01 2.407707571983337402e-01 1.448241472244262695e-01 1.000000000000000000e+00
-6.230662465095520020e-01 3.543183505535125732e-01 -6.880313903093338013e-02 1.000000000000000000e+00
-4.802884459495544434e-01 4.367604553699493408e-01 -2.251677066087722778e-01 1.000000000000000000e+00
-3.149171173572540283e-01 4.876420795917510986e-01 -3.901723623275756836e-01 1.000000000000000000e+00
-1.277009248733520508e-01 5.190187692642211914e-01 -4.147933125495910645e-01 1.000000000000000000e+00
3.408081084489822388e-02 4.838921427726745605e-01 -3.880784809589385986e-01 1.000000000000000000e+00
2.001535296440124512e-01 4.336428046226501465e-01 -2.249933481216430664e-01 1.000000000000000000e+00
3.397964239120483398e-01 3.473458588123321533e-01 -7.000303268432617188e-02 1.000000000000000000e+00
4.437362849712371826e-01 2.321869879961013794e-01 1.419505476951599121e-01 1.000000000000000000e+00
5.072228312492370605e-01 7.180450111627578735e-02 2.924737036228179932e-01 0.000000000000000000e+00
5.458046793937683105e-01 -1.043305471539497375e-01 3.654302954673767090e-01 1.000000000000000000e+00
5.721302032470703125e-01 -3.240363299846649170e-01 3.561207354068756104e-01 1.000000000000000000e+00
5.993973016738891602e-01 -5.215483903884887695e-01 3.464248776435852051e-01 1.000000000000000000e+00
-7.536745667457580566e-01 -6.264367699623107910e-01 -9.961040318012237549e-02 1.000000000000000000e+00
-6.585538983345031738e-01 -7.999572753906250000e-01 -2.464582473039627075e-01 1.000000000000000000e+00
-5.123303532600402832e-01 -8.378159999847412109e-01 -3.782635331153869629e-01 1.000000000000000000e+00
-3.585527837276458740e-01 -8.202993869781494141e-01 -4.467449784278869629e-01 1.000000000000000000e+00
-2.300911396741867065e-01 -7.760937213897705078e-01 -4.669134318828582764e-01 1.000000000000000000e+00
-3.587483987212181091e-02 -7.764317393302917480e-01 -4.703440666198730469e-01 1.000000000000000000e+00
9.241042286157608032e-02 -8.221310377120971680e-01 -4.570783078670501709e-01 1.000000000000000000e+00
2.452747225761413574e-01 -8.407911062240600586e-01 -3.876760303974151611e-01 1.000000000000000000e+00
3.871762454509735107e-01 -8.051919937133789062e-01 -2.525263428688049316e-01 1.000000000000000000e+00
4.795587360858917236e-01 -6.320251226425170898e-01 -1.083608418703079224e-01 1.000000000000000000e+00
-1.317733824253082275e-01 -6.246752142906188965e-01 -4.912876784801483154e-01 1.000000000000000000e+00
-1.304011344909667969e-01 -5.038377642631530762e-01 -5.764948725700378418e-01 1.000000000000000000e+00
-1.310094743967056274e-01 -4.108006954193115234e-01 -6.534537076950073242e-01 1.000000000000000000e+00
-1.303978711366653442e-01 -3.115698993206024170e-01 -7.176101207733154297e-01 1.000000000000000000e+00
-2.606708109378814697e-01 -1.891010254621505737e-01 -5.182902216911315918e-01 1.000000000000000000e+00
-1.989625692367553711e-01 -1.704723984003067017e-01 -5.520167350769042969e-01 1.000000000000000000e+00
-1.352582871913909912e-01 -1.546934098005294800e-01 -5.739617943763732910e-01 1.000000000000000000e+00
-7.112938910722732544e-02 -1.703603863716125488e-01 -5.550293922424316406e-01 1.000000000000000000e+00
-1.029598899185657501e-02 -1.881430149078369141e-01 -5.217563509941101074e-01 1.000000000000000000e+00
-5.964797139167785645e-01 -5.644474625587463379e-01 -2.847822010517120361e-01 1.000000000000000000e+00
-5.075297355651855469e-01 -6.228998303413391113e-01 -3.792238235473632812e-01 1.000000000000000000e+00
-4.101063907146453857e-01 -6.192876696586608887e-01 -3.869803249835968018e-01 1.000000000000000000e+00
-3.217661678791046143e-01 -5.645711421966552734e-01 -3.574308454990386963e-01 1.000000000000000000e+00
-4.051344990730285645e-01 -5.367128252983093262e-01 -3.734296262264251709e-01 1.000000000000000000e+00
-5.013397336006164551e-01 -5.313420295715332031e-01 -3.632375299930572510e-01 1.000000000000000000e+00
5.087512731552124023e-02 -5.645226240158081055e-01 -3.682052493095397949e-01 1.000000000000000000e+00
1.389006525278091431e-01 -6.180390119552612305e-01 -3.984668850898742676e-01 1.000000000000000000e+00
2.367281466722488403e-01 -6.230128407478332520e-01 -3.913708627223968506e-01 1.000000000000000000e+00
3.257372975349426270e-01 -5.658043026924133301e-01 -2.946401536464691162e-01 1.000000000000000000e+00
2.296133786439895630e-01 -5.323430299758911133e-01 -3.744783699512481689e-01 1.000000000000000000e+00
1.336162239313125610e-01 -5.379127264022827148e-01 -3.845945298671722412e-01 1.000000000000000000e+00
-3.683705031871795654e-01 4.208817332983016968e-02 -4.578330814838409424e-01 1.000000000000000000e+00
-3.023610711097717285e-01 -6.027441937476396561e-03 -5.492659807205200195e-01 1.000000000000000000e+00
-2.000113129615783691e-01 -3.343421593308448792e-02 -6.000691652297973633e-01 1.000000000000000000e+00
-1.345343291759490967e-01 -2.846470288932323456e-02 -6.096226572990417480e-01 1.000000000000000000e+00
-6.856811791658401489e-02 -3.360110893845558167e-02 -6.033797860145568848e-01 1.000000000000000000e+00
2.984374016523361206e-02 -5.458714440464973450e-03 -5.534588694572448730e-01 1.000000000000000000e+00
9.274643659591674805e-02 4.273409023880958557e-02 -4.634739160537719727e-01 1.000000000000000000e+00
2.561086416244506836e-02 8.500675112009048462e-02 -5.377091765403747559e-01 1.000000000000000000e+00
-7.020324468612670898e-02 1.052168086171150208e-01 -6.023671627044677734e-01 1.000000000000000000e+00
-1.383838206529617310e-01 1.095742285251617432e-01 -6.074464917182922363e-01 1.000000000000000000e+00
-2.071236222982406616e-01 1.034305393695831299e-01 -5.991411209106445312e-01 1.000000000000000000e+00
-3.055113255977630615e-01 8.134659379720687866e-02 -5.368305444717407227e-01 1.000000000000000000e+00
-3.631609678268432617e-01 4.100885987281799316e-02 -4.557072818279266357e-01 1.000000000000000000e+00
-1.991752386093139648e-01 3.179972991347312927e-02 -5.547347068786621094e-01 1.000000000000000000e+00
-1.358949542045593262e-01 2.989034540951251984e-02 -5.580655932426452637e-01 1.000000000000000000e+00
-7.237535715103149414e-02 3.347142040729522705e-02 -5.559554696083068848e-01 1.000000000000000000e+00
9.072388708591461182e-02 4.216977953910827637e-02 -4.633819460868835449e-01 1.000000000000000000e+00
-7.118823379278182983e-02 3.286875784397125244e-02 -5.713291764259338379e-01 1.000000000000000000e+00
-1.378355324268341064e-01 3.326647356152534485e-02 -5.793572068214416504e-01 1.000000000000000000e+00
-2.048580199480056763e-01 3.236032649874687195e-02 -5.691083073616027832e-01 1.000000000000000000e+00
