-7.335805296897888184e-01 -4.930400252342224121e-01 3.725051879882812500e-01 1.000000000000000000e+00
-7.249177098274230957e-01 -2.929503321647644043e-01 3.828394711017608643e-01 1.000000000000000000e+00
-6.982309222221374512e-01 -6.862749159336090088e-02 3.834460377693176270e-01 1.000000000000000000e+00
-6.437786817550659180e-01 1.183019801974296570e-01 3.028954267501831055e-01 1.000000000000000000e+00
-5.783542990684509277e-01 2.870590686798095703e-01 1.487448960542678833e-01 1.000000000000000000e+00
-4.767400622367858887e-01 4.097079336643218994e-01 -6.571693718433380127e-02 1.000000000000000000e+00
-3.424729108810424805e-01 4.982793629169464111e-01 -2.249550074338912964e-01 1.000000000000000000e+00
-1.853724122047424316e-01 5.565516948699951172e-01 -3.939695656299591064e-01 1.000000000000000000e+00
6.722966209053993225e-04 5.861588120460510254e-01 -4.149767160415649414e-01 1.000000000000000000e+00
1.621806919574737549e-01 5.549222826957702637e-01 -3.932454586029052734e-01 1.000000000000000000e+00
3.197186589241027832e-01 4.965990781784057617e-01 -2.240886539220809937e-01 1.000000000000000000e+00
4.509977996349334717e-01 4.045388102531433105e-01 -6.597355753183364868e-02 1.000000000000000000e+00
5.502790212631225586e-01 2.808904647827148438e-01 1.477071493864059448e-01 1.000000000000000000e+00
6.145291328430175781e-01 1.126776188611984253e-01 2.995969951152801514e-01 1.000000000000000000e+00
6.681367754936218262e-01 -6.960594654083251953e-02 3.739348649978637695e-01 1.000000000000000000e+00
6.935925483703613281e-01 -2.941901683807373047e-01 3.668598532676696777e-01 1.000000000000000000e+00
7.105355858802795410e-01 -4.947339594364166260e-01 3.608861267566680908e-01 1.000000000000000000e+00
-6.159853935241699219e-01 -6.026591062545776367e-01 -9.341337531805038452e-02 1.000000000000000000e+00
-5.313995480537414551e-01 -7.793182134628295898e-01 -2.412921190261840820e-01 1.000000000000000000e+00
-3.897523880004882812e-01 -8.169469237327575684e-01 -3.742326200008392334e-01 1.000000000000000000e+00
-2.353246062994003296e-01 -7.964053750038146973e-01 -4.443517029285430908e-01 1.000000000000000000e+00
-1.062947139143943787e-01 -7.494189143180847168e-01 -4.662643969058990479e-01 1.000000000000000000e+00
9.078296273946762085e-02 -7.504319548606872559e-01 -4.684018194675445557e-01 1.000000000000000000e+00
2.199694812297821045e-01 -7.994905710220336914e-01 -4.518122673034667969e-01 1.000000000000000000e+00
3.744168579578399658e-01 -8.200649023056030273e-01 -3.807323575019836426e-01 1.000000000000000000e+00
5.128817558288574219e-01 -7.826948761940002441e-01 -2.452555745840072632e-01 1.000000000000000000e+00
5.938689112663269043e-01 -6.051700115203857422e-01 -9.901368618011474609e-02 1.000000000000000000e+00
-7.338353898376226425e-03 -5.889804363250732422e-01 -4.964276254177093506e-01 1.000000000000000000e+00
-5.439904052764177322e-03 -4.602710604667663574e-01 -5.929494500160217285e-01 1.000000000000000000e+00
-5.983800627291202545e-03 -3.634443581104278564e-01 -6.832026243209838867e-01 1.000000000000000000e+00
-6.437870208173990250e-03 -2.602082788944244385e-01 -7.520767450332641602e-01 1.000000000000000000e+00
-1.434678286314010620e-01 -1.277413070201873779e-01 -5.552715063095092773e-01 1.000000000000000000e+00
-7.729990780353546143e-02 -1.076837331056594849e-01 -5.912515521049499512e-01 1.000000000000000000e+00
-8.996794000267982483e-03 -9.049058705568313599e-02 -6.144214272499084473e-01 1.000000000000000000e+00
5.979236587882041931e-02 -1.069488152861595154e-01 -5.940312147140502930e-01 1.000000000000000000e+00
1.260990202426910400e-01 -1.257891952991485596e-01 -5.594285726547241211e-01 1.000000000000000000e+00
-4.731192886829376221e-01 -5.404919385910034180e-01 -2.806394994258880615e-01 1.000000000000000000e+00
-3.824720084667205811e-01 -5.998715758323669434e-01 -3.737857937812805176e-01 1.000000000000000000e+00
-2.844738364219665527e-01 -5.946602821350097656e-01 -3.832407295703887939e-01 1.000000000000000000e+00
-1.972003281116485596e-01 -5.361292362213134766e-01 -3.564356863498687744e-01 1.000000000000000000e+00
-2.805655598640441895e-01 -5.089030861854553223e-01 -3.703214228153228760e-01 1.000000000000000000e+00
-3.788651823997497559e-01 -5.040436983108520508e-01 -3.603756725788116455e-01 1.000000000000000000e+00
1.784445941448211670e-01 -5.357894301414489746e-01 -3.602284193038940430e-01 1.000000000000000000e+00
2.658671438694000244e-01 -5.933690667152404785e-01 -3.891162574291229248e-01 1.000000000000000000e+00
3.641224205493927002e-01 -5.994302034378051758e-01 -3.803869783878326416e-01 1.000000000000000000e+00
4.552567601203918457e-01 -5.415213108062744141e-01 -2.864256799221038818e-01 1.000000000000000000e+00
3.595294654369354248e-01 -5.049746632575988770e-01 -3.656908273696899414e-01 1.000000000000000000e+00
2.613802254199981689e-01 -5.096006989479064941e-01 -3.749718070030212402e-01 1.000000000000000000e+00
-2.464959323406219482e-01 1.129697039723396301e-01 -5.007277131080627441e-01 1.000000000000000000e+00
-1.798392683267593384e-01 7.116197049617767334e-02 -5.955209136009216309e-01 1.000000000000000000e+00
-7.570658624172210693e-02 4.475936666131019592e-02 -6.464992761611938477e-01 1.000000000000000000e+00
-8.945301175117492676e-03 5.068188160657882690e-02 -6.566261649131774902e-01 1.000000000000000000e+00
5.851871520280838013e-02 4.438569024205207825e-02 -6.497482657432556152e-01 1.000000000000000000e+00
1.586951464414596558e-01 7.121345400810241699e-02 -5.995988845825195312e-01 1.000000000000000000e+00
2.213696092367172241e-01 1.114082559943199158e-01 -5.029921531677246094e-01 1.000000000000000000e+00
1.565672606229782104e-01 1.540550738573074341e-01 -5.784059762954711914e-01 1.000000000000000000e+00
5.785419046878814697e-02 1.771018803119659424e-01 -6.455713510513305664e-01 1.000000000000000000e+00
-1.258460991084575653e-02 1.826078593730926514e-01 -6.509345769882202148e-01 1.000000000000000000e+00
-8.310025185346603394e-02 1.759002804756164551e-01 -6.436927914619445801e-01 1.000000000000000000e+00
-1.837345808744430542e-01 1.518476754426956177e-01 -5.785642862319946289e-01 1.000000000000000000e+00
-2.411010563373565674e-01 1.125925779342651367e-01 -4.991334974765777588e-01 1.000000000000000000e+00
-7.541309297084808350e-02 1.152835190296173096e-01 -6.038587689399719238e-01 1.000000000000000000e+00
-1.031976379454135895e-02 1.139854863286018372e-01 -6.076881289482116699e-01 1.000000000000000000e+00
5.500439926981925964e-02 1.156803593039512634e-01 -6.049974560737609863e-01 1.000000000000000000e+00
2.193067520856857300e-01 1.112675070762634277e-01 -5.032455921173095703e-01 1.000000000000000000e+00
5.691911280155181885e-02 9.933982789516448975e-02 -6.180359125137329102e-01 1.000000000000000000e+00
-1.184779219329357147e-02 1.001994833350181580e-01 -6.265780329704284668e-01 1.000000000000000000e+00
-8.082334697246551514e-02 9.983609616756439209e-02 -6.162589192390441895e-01 1.000000000000000000e+00
