-7.214505672454833984e-01 -4.969348311424255371e-01
-7.019322514533996582e-01 -3.098562359809875488e-01
-6.706508994102478027e-01 -1.213785782456398010e-01
-6.441117525100708008e-01 5.933775007724761963e-02
-5.868196487426757812e-01 2.279708981513977051e-01
-4.949384331703186035e-01 3.739961385726928711e-01
-3.590616285800933838e-01 4.800669550895690918e-01
-1.879049688577651978e-01 5.506395101547241211e-01
-1.270996779203414917e-02 5.689383745193481445e-01
1.642080694437026978e-01 5.490643978118896484e-01
3.375135362148284912e-01 4.770948588848114014e-01
4.691495299339294434e-01 3.661851584911346436e-01
5.610746741294860840e-01 2.194068431854248047e-01
6.144883036613464355e-01 5.082334578037261963e-02
6.412454247474670410e-01 -1.293434798717498779e-01
6.721130013465881348e-01 -3.157128989696502686e-01
6.968307495117187500e-01 -4.980910420417785645e-01
-6.159853935241699219e-01 -6.026591062545776367e-01
-5.313995480537414551e-01 -7.793182134628295898e-01
-3.897523880004882812e-01 -8.169469237327575684e-01
-2.353246062994003296e-01 -7.964053750038146973e-01
-1.062947139143943787e-01 -7.494189143180847168e-01
9.078296273946762085e-02 -7.504319548606872559e-01
2.199694812297821045e-01 -7.994905710220336914e-01
3.744168579578399658e-01 -8.200649023056030273e-01
5.128817558288574219e-01 -7.826948761940002441e-01
5.938689112663269043e-01 -6.051700115203857422e-01
-7.338353898376226425e-03 -5.889804363250732422e-01
-5.439904052764177322e-03 -4.602710604667663574e-01
-5.983800627291202545e-03 -3.634443581104278564e-01
-6.437870208173990250e-03 -2.602082788944244385e-01
-1.434678286314010620e-01 -1.277413070201873779e-01
-7.729990780353546143e-02 -1.076837331056594849e-01
-8.996794000267982483e-03 -9.049058705568313599e-02
5.979236587882041931e-02 -1.069488152861595154e-01
1.260990202426910400e-01 -1.257891952991485596e-01
-4.731192886829376221e-01 -5.404919385910034180e-01
-3.824720084667205811e-01 -5.998715758323669434e-01
-2.844738364219665527e-01 -5.946602821350097656e-01
-1.972003281116485596e-01 -5.361292362213134766e-01
-2.805655598640441895e-01 -5.089030861854553223e-01
-3.788651823997497559e-01 -5.040436983108520508e-01
1.784445941448211670e-01 -5.357894301414489746e-01
2.658671438694000244e-01 -5.933690667152404785e-01
3.641224205493927002e-01 -5.994302034378051758e-01
4.552567601203918457e-01 -5.415213108062744141e-01
3.595294654369354248e-01 -5.049746632575988770e-01
2.613802254199981689e-01 -5.096006989479064941e-01
-2.464959323406219482e-01 1.129697039723396301e-01
-1.798392683267593384e-01 7.116197049617767334e-02
-7.570658624172210693e-02 4.475936666131019592e-02
-8.945301175117492676e-03 5.068188160657882690e-02
5.851871520280838013e-02 4.438569024205207825e-02
1.586951464414596558e-01 7.121345400810241699e-02
2.213696092367172241e-01 1.114082559943199158e-01
1.565672606229782104e-01 1.540550738573074341e-01
5.785419046878814697e-02 1.771018803119659424e-01
-1.258460991084575653e-02 1.826078593730926514e-01
-8.310025185346603394e-02 1.759002804756164551e-01
-1.837345808744430542e-01 1.518476754426956177e-01
-2.411010563373565674e-01 1.125925779342651367e-01
-7.541309297084808350e-02 1.152835190296173096e-01
-1.031976379454135895e-02 1.139854863286018372e-01
5.500439926981925964e-02 1.156803593039512634e-01
2.193067520856857300e-01 1.112675070762634277e-01
5.691911280155181885e-02 9.933982789516448975e-02
-1.184779219329357147e-02 1.001994833350181580e-01
-8.082334697246551514e-02 9.983609616756439209e-02
