-7.543195486068725586e-01 -7.191042900085449219e-01
-7.307449579238891602e-01 -5.280621051788330078e-01
-7.075521945953369141e-01 -3.334226906299591064e-01
-6.820108294486999512e-01 -1.436146795749664307e-01
-6.203741431236267090e-01 3.070575371384620667e-02
-5.266506075859069824e-01 1.873862743377685547e-01
-3.816314339637756348e-01 3.044613301753997803e-01
-1.966806054115295410e-01 3.788520097732543945e-01
-9.414376690983772278e-03 3.992448151111602783e-01
1.782723665237426758e-01 3.751818239688873291e-01
3.699848949909210205e-01 3.015953898429870605e-01
5.092006921768188477e-01 1.793005317449569702e-01
6.028009057044982910e-01 2.211529761552810669e-02
6.614379882812500000e-01 -1.520507186651229858e-01
6.891883015632629395e-01 -3.419439792633056641e-01
7.128294110298156738e-01 -5.347046852111816406e-01
7.383275628089904785e-01 -7.218862175941467285e-01
-6.268975138664245605e-01 -8.320982456207275391e-01
-5.428215265274047852e-01 -1.011696696281433105e+00
-3.978790640830993652e-01 -1.047780156135559082e+00
-2.403594255447387695e-01 -1.029387831687927246e+00
-1.039938330650329590e-01 -9.877021908760070801e-01
1.015722602605819702e-01 -9.860160946846008301e-01
2.359746396541595459e-01 -1.028301715850830078e+00
3.921360969543457031e-01 -1.048938751220703125e+00
5.336315035820007324e-01 -1.016175270080566406e+00
6.147405505180358887e-01 -8.362162709236145020e-01
1.746186520904302597e-03 -8.570184111595153809e-01
2.181680873036384583e-03 -7.372080087661743164e-01
3.629728453233838081e-04 -6.293191909790039062e-01
1.289781503146514297e-04 -5.108724236488342285e-01
-1.268458366394042969e-01 -3.749892711639404297e-01
-6.873778253793716431e-02 -3.526087403297424316e-01
-4.586738999933004379e-03 -3.333357274532318115e-01
5.978120863437652588e-02 -3.524141907691955566e-01
1.175282150506973267e-01 -3.742366433143615723e-01
-4.705672860145568848e-01 -7.760985493659973145e-01
-3.792466819286346436e-01 -8.389953970909118652e-01
-2.759161293506622314e-01 -8.366835117340087891e-01
-1.807388514280319214e-01 -7.799008488655090332e-01
-2.692941725254058838e-01 -7.494243383407592773e-01
-3.692299723625183105e-01 -7.442430853843688965e-01
1.780101954936981201e-01 -7.800452113151550293e-01
2.717839479446411133e-01 -8.355431556701660156e-01
3.753691315650939941e-01 -8.375479578971862793e-01
4.662937223911285400e-01 -7.760326862335205078e-01
3.635854125022888184e-01 -7.445056438446044922e-01
2.642910778522491455e-01 -7.501198053359985352e-01
-2.451532781124114990e-01 -1.156232431530952454e-01
-1.759697198867797852e-01 -1.701836735010147095e-01
-7.188106328248977661e-02 -1.986553519964218140e-01
-4.582575056701898575e-03 -1.929965168237686157e-01
6.355379521846771240e-02 -1.981607973575592041e-01
1.644820123910903931e-01 -1.682368665933609009e-01
2.300010323524475098e-01 -1.121373474597930908e-01
1.611959636211395264e-01 -6.652604043483734131e-02
6.101331114768981934e-02 -4.492376372218132019e-02
-8.711205795407295227e-03 -4.115971177816390991e-02
-7.868779450654983521e-02 -4.812144860625267029e-02
-1.795852929353713989e-01 -7.290764153003692627e-02
-2.410151511430740356e-01 -1.169040799140930176e-01
-7.230927050113677979e-02 -1.312450766563415527e-01
-5.944583099335432053e-03 -1.346657872200012207e-01
6.072059646248817444e-02 -1.290249377489089966e-01
2.282598316669464111e-01 -1.127618774771690369e-01
6.291321665048599243e-02 -1.185551434755325317e-01
-6.837526801973581314e-03 -1.179713159799575806e-01
-7.814484834671020508e-02 -1.205720603466033936e-01
