-7.652438879013061523e-01 -7.144901156425476074e-01 3.695327341556549072e-01 1.000000000000000000e+00
-7.530943751335144043e-01 -5.050754547119140625e-01 3.861148655414581299e-01 1.000000000000000000e+00
-7.267208099365234375e-01 -2.699517011642456055e-01 3.877437710762023926e-01 1.000000000000000000e+00
-6.880860328674316406e-01 -7.754004001617431641e-02 3.015555143356323242e-01 1.000000000000000000e+00
-6.160685420036315918e-01 9.554464370012283325e-02 1.399392485618591309e-01 1.000000000000000000e+00
-5.095791220664978027e-01 2.273438721895217896e-01 -8.763380348682403564e-02 1.000000000000000000e+00
-3.634572923183441162e-01 3.246640861034393311e-01 -2.588951587677001953e-01 1.000000000000000000e+00
-1.937703192234039307e-01 3.855050206184387207e-01 -4.306116402149200439e-01 1.000000000000000000e+00
5.440425593405961990e-03 4.197939038276672363e-01 -4.555834829807281494e-01 1.000000000000000000e+00
1.761135905981063843e-01 3.815833926200866699e-01 -4.252446293830871582e-01 1.000000000000000000e+00
3.506138622760772705e-01 3.226017057895660400e-01 -2.533349394798278809e-01 1.000000000000000000e+00
4.916075468063354492e-01 2.209620773792266846e-01 -8.324546366930007935e-02 1.000000000000000000e+00
5.952495336532592773e-01 8.708983659744262695e-02 1.424098163843154907e-01 1.000000000000000000e+00
6.611514687538146973e-01 -8.686320483684539795e-02 3.010877966880798340e-01 1.000000000000000000e+00
7.048647999763488770e-01 -2.728909552097320557e-01 3.785980939865112305e-01 1.000000000000000000e+00
7.309358119964599609e-01 -5.082741379737854004e-01 3.663223981857299805e-01 1.000000000000000000e+00
7.458122968673706055e-01 -7.178932428359985352e-01 3.511920273303985596e-01 1.000000000000000000e+00
-6.268975138664245605e-01 -8.320982456207275391e-01 -1.107309162616729736e-01 1.000000000000000000e+00
-5.428215265274047852e-01 -1.011696696281433105e+00 -2.736188471317291260e-01 1.000000000000000000e+00
-3.978790640830993652e-01 -1.047780156135559082e+00 -4.187333583831787109e-01 1.000000000000000000e+00
-2.403594255447387695e-01 -1.029387831687927246e+00 -4.952370822429656982e-01 1.000000000000000000e+00
-1.039938330650329590e-01 -9.877021908760070801e-01 -5.142867565155029297e-01 1.000000000000000000e+00
1.015722602605819702e-01 -9.860160946846008301e-01 -5.168080329895019531e-01 1.000000000000000000e+00
2.359746396541595459e-01 -1.028301715850830078e+00 -5.034214854240417480e-01 1.000000000000000000e+00
3.921360969543457031e-01 -1.048938751220703125e+00 -4.262775778770446777e-01 1.000000000000000000e+00
5.336315035820007324e-01 -1.016175270080566406e+00 -2.810446918010711670e-01 1.000000000000000000e+00
6.147405505180358887e-01 -8.362162709236145020e-01 -1.208973005414009094e-01 1.000000000000000000e+00
1.746186520904302597e-03 -8.570184111595153809e-01 -5.528437495231628418e-01 1.000000000000000000e+00
2.181680873036384583e-03 -7.372080087661743164e-01 -6.505334377288818359e-01 1.000000000000000000e+00
3.629728453233838081e-04 -6.293191909790039062e-01 -7.397593259811401367e-01 1.000000000000000000e+00
1.289781503146514297e-04 -5.108724236488342285e-01 -8.223807811737060547e-01 1.000000000000000000e+00
-1.268458366394042969e-01 -3.749892711639404297e-01 -5.695663094520568848e-01 1.000000000000000000e+00
-6.873778253793716431e-02 -3.526087403297424316e-01 -6.097363829612731934e-01 1.000000000000000000e+00
-4.586738999933004379e-03 -3.333357274532318115e-01 -6.339936852455139160e-01 1.000000000000000000e+00
5.978120863437652588e-02 -3.524141907691955566e-01 -6.125707030296325684e-01 1.000000000000000000e+00
1.175282150506973267e-01 -3.742366433143615723e-01 -5.717926025390625000e-01 1.000000000000000000e+00
-4.705672860145568848e-01 -7.760985493659973145e-01 -2.757207751274108887e-01 1.000000000000000000e+00
-3.792466819286346436e-01 -8.389953970909118652e-01 -3.704297840595245361e-01 1.000000000000000000e+00
-2.759161293506622314e-01 -8.366835117340087891e-01 -3.752339482307434082e-01 1.000000000000000000e+00
-1.807388514280319214e-01 -7.799008488655090332e-01 -3.436556756496429443e-01 1.000000000000000000e+00
-2.692941725254058838e-01 -7.494243383407592773e-01 -3.600269854068756104e-01 1.000000000000000000e+00
-3.692299723625183105e-01 -7.442430853843688965e-01 -3.506962954998016357e-01 1.000000000000000000e+00
1.780101954936981201e-01 -7.800452113151550293e-01 -3.453169763088226318e-01 1.000000000000000000e+00
2.717839479446411133e-01 -8.355431556701660156e-01 -3.791959285736083984e-01 1.000000000000000000e+00
3.753691315650939941e-01 -8.375479578971862793e-01 -3.772208094596862793e-01 1.000000000000000000e+00
4.662937223911285400e-01 -7.760326862335205078e-01 -2.822385132312774658e-01 1.000000000000000000e+00
3.635854125022888184e-01 -7.445056438446044922e-01 -3.543412089347839355e-01 1.000000000000000000e+00
2.642910778522491455e-01 -7.501198053359985352e-01 -3.623054027557373047e-01 1.000000000000000000e+00
-2.451532781124114990e-01 -1.156232431530952454e-01 -4.653334021568298340e-01 1.000000000000000000e+00
-1.759697198867797852e-01 -1.701836735010147095e-01 -5.630090236663818359e-01 1.000000000000000000e+00
-7.188106328248977661e-02 -1.986553519964218140e-01 -6.183329820632934570e-01 1.000000000000000000e+00
-4.582575056701898575e-03 -1.929965168237686157e-01 -6.276285052299499512e-01 1.000000000000000000e+00
6.355379521846771240e-02 -1.981607973575592041e-01 -6.217354536056518555e-01 1.000000000000000000e+00
1.644820123910903931e-01 -1.682368665933609009e-01 -5.674201846122741699e-01 1.000000000000000000e+00
2.300010323524475098e-01 -1.121373474597930908e-01 -4.698825180530548096e-01 1.000000000000000000e+00
1.611959636211395264e-01 -6.652604043483734131e-02 -5.442036390304565430e-01 1.000000000000000000e+00
6.101331114768981934e-02 -4.492376372218132019e-02 -6.053487658500671387e-01 1.000000000000000000e+00
-8.711205795407295227e-03 -4.115971177816390991e-02 -6.106025576591491699e-01 1.000000000000000000e+00
-7.868779450654983521e-02 -4.812144860625267029e-02 -6.050157546997070312e-01 1.000000000000000000e+00
-1.795852929353713989e-01 -7.290764153003692627e-02 -5.447626709938049316e-01 1.000000000000000000e+00
-2.410151511430740356e-01 -1.169040799140930176e-01 -4.614618718624114990e-01 1.000000000000000000e+00
-7.230927050113677979e-02 -1.312450766563415527e-01 -5.661978721618652344e-01 1.000000000000000000e+00
-5.944583099335432053e-03 -1.346657872200012207e-01 -5.691882371902465820e-01 1.000000000000000000e+00
6.072059646248817444e-02 -1.290249377489089966e-01 -5.678240060806274414e-01 1.000000000000000000e+00
2.282598316669464111e-01 -1.127618774771690369e-01 -4.693177640438079834e-01 1.000000000000000000e+00
6.291321665048599243e-02 -1.185551434755325317e-01 -5.763025879859924316e-01 1.000000000000000000e+00
-6.837526801973581314e-03 -1.179713159799575806e-01 -5.855324864387512207e-01 1.000000000000000000e+00
-7.814484834671020508e-02 -1.205720603466033936e-01 -5.754291415214538574e-01 1.000000000000000000e+00
