-6.871236562728881836e-01 -6.017810106277465820e-01
-6.699662208557128906e-01 -4.182316660881042480e-01
-6.458143591880798340e-01 -2.324513942003250122e-01
-6.202972531318664551e-01 -5.444306507706642151e-02
-5.622754096984863281e-01 1.097164973616600037e-01
-4.725429415702819824e-01 2.556146383285522461e-01
-3.306970298290252686e-01 3.622366786003112793e-01
-1.538836210966110229e-01 4.247601330280303955e-01
2.122331596910953522e-02 4.438703358173370361e-01
1.968006193637847900e-01 4.220972061157226562e-01
3.783895671367645264e-01 3.595792055130004883e-01
5.153676867485046387e-01 2.478895187377929688e-01
6.044098138809204102e-01 1.018323376774787903e-01
6.598446965217590332e-01 -6.179990246891975403e-02
6.861347556114196777e-01 -2.397919893264770508e-01
7.095054984092712402e-01 -4.237459301948547363e-01
7.302031517028808594e-01 -6.030350327491760254e-01
-5.741657614707946777e-01 -7.081498503684997559e-01
-4.862737357616424561e-01 -8.806218504905700684e-01
-3.475359976291656494e-01 -9.164505600929260254e-01
-1.973419338464736938e-01 -8.968941569328308105e-01
-6.971877068281173706e-02 -8.516591787338256836e-01
1.229273229837417603e-01 -8.515743613243103027e-01
2.497778981924057007e-01 -8.980892300605773926e-01
3.993390202522277832e-01 -9.181373715400695801e-01
5.358723402023315430e-01 -8.838237524032592773e-01
6.210671067237854004e-01 -7.104514837265014648e-01
2.798574604094028473e-02 -6.994301080703735352e-01
2.997470088303089142e-02 -5.741461515426635742e-01
2.947532385587692261e-02 -4.771877527236938477e-01
2.964805625379085541e-02 -3.751122951507568359e-01
-9.366223216056823730e-02 -2.520535588264465332e-01
-3.507719188928604126e-02 -2.326431274414062500e-01
2.590139210224151611e-02 -2.165089994668960571e-01
8.751019835472106934e-02 -2.324458062648773193e-01
1.457327753305435181e-01 -2.512840032577514648e-01
-4.276904463768005371e-01 -6.471752524375915527e-01
-3.402088880538940430e-01 -7.049198150634765625e-01
-2.436984628438949585e-01 -7.004606127738952637e-01
-1.561734378337860107e-01 -6.448259949684143066e-01
-2.382274121046066284e-01 -6.178720593452453613e-01
-3.334335684776306152e-01 -6.131887435913085938e-01
2.065765857696533203e-01 -6.437560915946960449e-01
2.931815683841705322e-01 -6.985478401184082031e-01
3.899230360984802246e-01 -7.038528323173522949e-01
4.785279035568237305e-01 -6.471155285835266113e-01
3.829757273197174072e-01 -6.128030419349670410e-01
2.879361808300018311e-01 -6.175140142440795898e-01
-2.019240260124206543e-01 -2.301437780261039734e-02
-1.362511068582534790e-01 -6.716988235712051392e-02
-3.693287074565887451e-02 -9.259971231222152710e-02
2.641970291733741760e-02 -8.741810917854309082e-02
9.021811932325363159e-02 -9.278217703104019165e-02
1.857910454273223877e-01 -6.667063385248184204e-02
2.479649782180786133e-01 -2.179123833775520325e-02
1.805977970361709595e-01 1.950680837035179138e-02
8.774746954441070557e-02 3.871931508183479309e-02
2.210203371942043304e-02 4.284260421991348267e-02
-4.402735829353332520e-02 3.653482347726821899e-02
-1.388084590435028076e-01 1.497252285480499268e-02
-1.975430697202682495e-01 -2.414716966450214386e-02
-3.678151220083236694e-02 -2.886961027979850769e-02
2.506831288337707520e-02 -3.078474663197994232e-02
8.709083497524261475e-02 -2.746636234223842621e-02
2.463043481111526489e-01 -2.234012633562088013e-02
8.822332322597503662e-02 -3.288701176643371582e-02
2.295989356935024261e-02 -3.261563554406166077e-02
-4.263155907392501831e-02 -3.392588719725608826e-02
