-6.973592638969421387e-01 -5.976938605308532715e-01 3.572575747966766357e-01 1.000000000000000000e+00
-6.840050220489501953e-01 -4.010407328605651855e-01 3.684957325458526611e-01 1.000000000000000000e+00
-6.599541902542114258e-01 -1.796902269124984741e-01 3.666568100452423096e-01 1.000000000000000000e+00
-6.216054558753967285e-01 6.217066664248704910e-03 2.880020737648010254e-01 1.000000000000000000e+00
-5.552235245704650879e-01 1.709358692169189453e-01 1.364438086748123169e-01 1.000000000000000000e+00
-4.550132155418395996e-01 2.926050424575805664e-01 -7.662068307399749756e-02 1.000000000000000000e+00
-3.133404254913330078e-01 3.808455765247344971e-01 -2.335236668586730957e-01 1.000000000000000000e+00
-1.511958986520767212e-01 4.311780631542205811e-01 -3.963480889797210693e-01 1.000000000000000000e+00
3.445034101605415344e-02 4.633917808532714844e-01 -4.195483326911926270e-01 1.000000000000000000e+00
1.946623176336288452e-01 4.283311367034912109e-01 -3.917061984539031982e-01 1.000000000000000000e+00
3.594775795936584473e-01 3.790644705295562744e-01 -2.296641767024993896e-01 1.000000000000000000e+00
4.976162016391754150e-01 2.866348326206207275e-01 -7.332013547420501709e-02 1.000000000000000000e+00
5.962513089179992676e-01 1.644375473260879517e-01 1.387723833322525024e-01 1.000000000000000000e+00
6.603502035140991211e-01 4.558939544949680567e-04 2.874751687049865723e-01 1.000000000000000000e+00
6.963411569595336914e-01 -1.821231395006179810e-01 3.593390882015228271e-01 1.000000000000000000e+00
7.210727930068969727e-01 -4.032385349273681641e-01 3.517189919948577881e-01 1.000000000000000000e+00
7.386000156402587891e-01 -5.998125076293945312e-01 3.432179987430572510e-01 1.000000000000000000e+00
-5.741657614707946777e-01 -7.081498503684997559e-01 -9.798629581928253174e-02 1.000000000000000000e+00
-4.862737357616424561e-01 -8.806218504905700684e-01 -2.451763749122619629e-01 1.000000000000000000e+00
-3.475359976291656494e-01 -9.164505600929260254e-01 -3.783887922763824463e-01 1.000000000000000000e+00
-1.973419338464736938e-01 -8.968941569328308105e-01 -4.493036270141601562e-01 1.000000000000000000e+00
-6.971877068281173706e-02 -8.516591787338256836e-01 -4.682493209838867188e-01 1.000000000000000000e+00
1.229273229837417603e-01 -8.515743613243103027e-01 -4.702847898006439209e-01 1.000000000000000000e+00
2.497778981924057007e-01 -8.980892300605773926e-01 -4.564408659934997559e-01 1.000000000000000000e+00
3.993390202522277832e-01 -9.181373715400695801e-01 -3.854232132434844971e-01 1.000000000000000000e+00
5.358723402023315430e-01 -8.838237524032592773e-01 -2.515491843223571777e-01 1.000000000000000000e+00
6.210671067237854004e-01 -7.104514837265014648e-01 -1.067467555403709412e-01 1.000000000000000000e+00
2.798574604094028473e-02 -6.994301080703735352e-01 -4.907890260219573975e-01 1.000000000000000000e+00
2.997470088303089142e-02 -5.741461515426635742e-01 -5.738525986671447754e-01 1.000000000000000000e+00
2.947532385587692261e-02 -4.771877527236938477e-01 -6.516705751419067383e-01 1.000000000000000000e+00
2.964805625379085541e-02 -3.751122951507568359e-01 -7.170122861862182617e-01 1.000000000000000000e+00
-9.366223216056823730e-02 -2.520535588264465332e-01 -5.169646739959716797e-01 1.000000000000000000e+00
-3.507719188928604126e-02 -2.326431274414062500e-01 -5.498872399330139160e-01 1.000000000000000000e+00
2.590139210224151611e-02 -2.165089994668960571e-01 -5.712678432464599609e-01 1.000000000000000000e+00
8.751019835472106934e-02 -2.324458062648773193e-01 -5.523207783699035645e-01 1.000000000000000000e+00
1.457327753305435181e-01 -2.512840032577514648e-01 -5.199708938598632812e-01 1.000000000000000000e+00
-4.276904463768005371e-01 -6.471752524375915527e-01 -2.766118049621582031e-01 1.000000000000000000e+00
-3.402088880538940430e-01 -7.049198150634765625e-01 -3.696261346340179443e-01 1.000000000000000000e+00
-2.436984628438949585e-01 -7.004606127738952637e-01 -3.773264586925506592e-01 1.000000000000000000e+00
-1.561734378337860107e-01 -6.448259949684143066e-01 -3.478878736495971680e-01 1.000000000000000000e+00
-2.382274121046066284e-01 -6.178720593452453613e-01 -3.614152371883392334e-01 1.000000000000000000e+00
-3.334335684776306152e-01 -6.131887435913085938e-01 -3.515751361846923828e-01 1.000000000000000000e+00
2.065765857696533203e-01 -6.437560915946960449e-01 -3.536384701728820801e-01 1.000000000000000000e+00
2.931815683841705322e-01 -6.985478401184082031e-01 -3.841232657432556152e-01 1.000000000000000000e+00
3.899230360984802246e-01 -7.038528323173522949e-01 -3.779681921005249023e-01 1.000000000000000000e+00
4.785279035568237305e-01 -6.471155285835266113e-01 -2.850734591484069824e-01 1.000000000000000000e+00
3.829757273197174072e-01 -6.128030419349670410e-01 -3.594305813312530518e-01 1.000000000000000000e+00
2.879361808300018311e-01 -6.175140142440795898e-01 -3.682329654693603516e-01 1.000000000000000000e+00
-2.019240260124206543e-01 -2.301437780261039734e-02 -4.468455314636230469e-01 1.000000000000000000e+00
-1.362511068582534790e-01 -6.716988235712051392e-02 -5.362480878829956055e-01 1.000000000000000000e+00
-3.693287074565887451e-02 -9.259971231222152710e-02 -5.859655141830444336e-01 1.000000000000000000e+00
2.641970291733741760e-02 -8.741810917854309082e-02 -5.950514078140258789e-01 1.000000000000000000e+00
9.021811932325363159e-02 -9.278217703104019165e-02 -5.886765122413635254e-01 1.000000000000000000e+00
1.857910454273223877e-01 -6.667063385248184204e-02 -5.392566323280334473e-01 1.000000000000000000e+00
2.479649782180786133e-01 -2.179123833775520325e-02 -4.503324329853057861e-01 1.000000000000000000e+00
1.805977970361709595e-01 1.950680837035179138e-02 -5.226426720619201660e-01 1.000000000000000000e+00
8.774746954441070557e-02 3.871931508183479309e-02 -5.854780077934265137e-01 1.000000000000000000e+00
2.210203371942043304e-02 4.284260421991348267e-02 -5.915613770484924316e-01 1.000000000000000000e+00
-4.402735829353332520e-02 3.653482347726821899e-02 -5.839164257049560547e-01 1.000000000000000000e+00
-1.388084590435028076e-01 1.497252285480499268e-02 -5.233483314514160156e-01 1.000000000000000000e+00
-1.975430697202682495e-01 -2.414716966450214386e-02 -4.450346529483795166e-01 1.000000000000000000e+00
-3.678151220083236694e-02 -2.886961027979850769e-02 -5.436932444572448730e-01 1.000000000000000000e+00
2.506831288337707520e-02 -3.078474663197994232e-02 -5.466154813766479492e-01 1.000000000000000000e+00
8.709083497524261475e-02 -2.746636234223842621e-02 -5.442166924476623535e-01 1.000000000000000000e+00
2.463043481111526489e-01 -2.234012633562088013e-02 -4.504392445087432861e-01 1.000000000000000000e+00
8.822332322597503662e-02 -3.288701176643371582e-02 -5.591078400611877441e-01 1.000000000000000000e+00
2.295989356935024261e-02 -3.261563554406166077e-02 -5.676798820495605469e-01 1.000000000000000000e+00
-4.263155907392501831e-02 -3.392588719725608826e-02 -5.577224493026733398e-01 1.000000000000000000e+00
