-7.558840513229370117e-01 -7.393276691436767578e-01 3.753342032432556152e-01 1.000000000000000000e+00
-7.452358603477478027e-01 -5.329943895339965820e-01 3.871805071830749512e-01 1.000000000000000000e+00
-7.140605449676513672e-01 -3.030112683773040771e-01 3.889351189136505127e-01 1.000000000000000000e+00
-6.676474213600158691e-01 -1.108684316277503967e-01 3.058573007583618164e-01 1.000000000000000000e+00
-5.977622270584106445e-01 6.140235066413879395e-02 1.481579542160034180e-01 1.000000000000000000e+00
-4.926338791847229004e-01 1.890730708837509155e-01 -7.346347719430923462e-02 1.000000000000000000e+00
-3.529935479164123535e-01 2.821390628814697266e-01 -2.411315441131591797e-01 1.000000000000000000e+00
-1.897848397493362427e-01 3.442533016204833984e-01 -4.166619181632995605e-01 1.000000000000000000e+00
2.678249031305313110e-03 3.765627443790435791e-01 -4.422784447669982910e-01 1.000000000000000000e+00
1.688239425420761108e-01 3.399151563644409180e-01 -4.150581061840057373e-01 1.000000000000000000e+00
3.329997062683105469e-01 2.788690924644470215e-01 -2.409437745809555054e-01 1.000000000000000000e+00
4.691652953624725342e-01 1.818714290857315063e-01 -7.572774589061737061e-02 1.000000000000000000e+00
5.706716775894165039e-01 5.208941921591758728e-02 1.438495367765426636e-01 1.000000000000000000e+00
6.357033848762512207e-01 -1.212305650115013123e-01 2.987559735774993896e-01 1.000000000000000000e+00
6.881917119026184082e-01 -3.076665401458740234e-01 3.755947947502136230e-01 1.000000000000000000e+00
7.194211483001708984e-01 -5.384873747825622559e-01 3.667679429054260254e-01 1.000000000000000000e+00
7.387496232986450195e-01 -7.450323700904846191e-01 3.599981069564819336e-01 1.000000000000000000e+00
-6.289273500442504883e-01 -8.535882830619812012e-01 -1.027170121669769287e-01 1.000000000000000000e+00
-5.395634174346923828e-01 -1.035046458244323730e+00 -2.579151093959808350e-01 1.000000000000000000e+00
-3.926672041416168213e-01 -1.073252439498901367e+00 -3.969720005989074707e-01 1.000000000000000000e+00
-2.349796444177627563e-01 -1.054065346717834473e+00 -4.701627492904663086e-01 1.000000000000000000e+00
-1.019815802574157715e-01 -1.007626771926879883e+00 -4.911993145942687988e-01 1.000000000000000000e+00
9.681750088930130005e-02 -1.007861495018005371e+00 -4.944915771484375000e-01 1.000000000000000000e+00
2.298902422189712524e-01 -1.055583834648132324e+00 -4.800837039947509766e-01 1.000000000000000000e+00
3.874725997447967529e-01 -1.076295733451843262e+00 -4.055555760860443115e-01 1.000000000000000000e+00
5.299590826034545898e-01 -1.040451645851135254e+00 -2.631121575832366943e-01 1.000000000000000000e+00
6.152630448341369629e-01 -8.591057658195495605e-01 -1.100600808858871460e-01 1.000000000000000000e+00
-1.561954966746270657e-03 -8.526231050491333008e-01 -5.230880379676818848e-01 1.000000000000000000e+00
-4.418639582581818104e-04 -7.250310182571411133e-01 -6.224544644355773926e-01 1.000000000000000000e+00
-1.831791014410555363e-03 -6.173513531684875488e-01 -7.107495069503784180e-01 1.000000000000000000e+00
-1.587804639711976051e-03 -5.026027560234069824e-01 -7.888167500495910645e-01 1.000000000000000000e+00
-1.287605911493301392e-01 -3.710565268993377686e-01 -5.562415719032287598e-01 1.000000000000000000e+00
-6.985159218311309814e-02 -3.493446707725524902e-01 -5.952593684196472168e-01 1.000000000000000000e+00
-6.839196197688579559e-03 -3.314494788646697998e-01 -6.199569106101989746e-01 1.000000000000000000e+00
5.642801150679588318e-02 -3.493821322917938232e-01 -5.982817411422729492e-01 1.000000000000000000e+00
1.147594228386878967e-01 -3.705590367317199707e-01 -5.593658685684204102e-01 1.000000000000000000e+00
-4.726537764072418213e-01 -7.878169417381286621e-01 -2.848943471908569336e-01 1.000000000000000000e+00
-3.806125819683074951e-01 -8.499531149864196777e-01 -3.816919624805450439e-01 1.000000000000000000e+00
-2.789162695407867432e-01 -8.454177975654602051e-01 -3.883908987045288086e-01 1.000000000000000000e+00
-1.863357424736022949e-01 -7.852247357368469238e-01 -3.562658131122589111e-01 1.000000000000000000e+00
-2.732197046279907227e-01 -7.561087608337402344e-01 -3.730987310409545898e-01 1.000000000000000000e+00
-3.734632730484008789e-01 -7.510564327239990234e-01 -3.634740114212036133e-01 1.000000000000000000e+00
1.752804666757583618e-01 -7.864934206008911133e-01 -3.637513816356658936e-01 1.000000000000000000e+00
2.680763304233551025e-01 -8.453809618949890137e-01 -3.973272740840911865e-01 1.000000000000000000e+00
3.704922795295715332e-01 -8.506588935852050781e-01 -3.916668593883514404e-01 1.000000000000000000e+00
4.624467492103576660e-01 -7.898529171943664551e-01 -2.933112978935241699e-01 1.000000000000000000e+00
3.612664341926574707e-01 -7.529137730598449707e-01 -3.718711137771606445e-01 1.000000000000000000e+00
2.612359523773193359e-01 -7.582245469093322754e-01 -3.809469640254974365e-01 1.000000000000000000e+00
-2.432213723659515381e-01 -1.245790421962738037e-01 -4.776726663112640381e-01 1.000000000000000000e+00
-1.759179532527923584e-01 -1.747309416532516479e-01 -5.736317038536071777e-01 1.000000000000000000e+00
-7.262232899665832520e-02 -2.023624777793884277e-01 -6.270644068717956543e-01 1.000000000000000000e+00
-6.364467088133096695e-03 -1.969320327043533325e-01 -6.370030641555786133e-01 1.000000000000000000e+00
6.053523719310760498e-02 -2.023459523916244507e-01 -6.308020949363708496e-01 1.000000000000000000e+00
1.601929515600204468e-01 -1.741348057985305786e-01 -5.786573290824890137e-01 1.000000000000000000e+00
2.250624597072601318e-01 -1.247275993227958679e-01 -4.834812879562377930e-01 1.000000000000000000e+00
1.571979522705078125e-01 -8.028784394264221191e-02 -5.565219521522521973e-01 1.000000000000000000e+00
5.985230952501296997e-02 -5.880104377865791321e-02 -6.200923323631286621e-01 1.000000000000000000e+00
-9.135310538113117218e-03 -5.428161099553108215e-02 -6.251415610313415527e-01 1.000000000000000000e+00
-7.843311876058578491e-02 -6.043029204010963440e-02 -6.176270246505737305e-01 1.000000000000000000e+00
-1.776964962482452393e-01 -8.343956619501113892e-02 -5.550941824913024902e-01 1.000000000000000000e+00
-2.384133338928222656e-01 -1.252208054065704346e-01 -4.748784303665161133e-01 1.000000000000000000e+00
-7.210996747016906738e-02 -1.345866024494171143e-01 -5.778612494468688965e-01 1.000000000000000000e+00
-7.677971851080656052e-03 -1.369630545377731323e-01 -5.813395977020263672e-01 1.000000000000000000e+00
5.701537430286407471e-02 -1.330253034830093384e-01 -5.796521902084350586e-01 1.000000000000000000e+00
2.231602817773818970e-01 -1.251154243946075439e-01 -4.831391870975494385e-01 1.000000000000000000e+00
5.975073948502540588e-02 -1.328289210796356201e-01 -5.911334753036499023e-01 1.000000000000000000e+00
-8.328022435307502747e-03 -1.321721673011779785e-01 -5.996994972229003906e-01 1.000000000000000000e+00
-7.687971740961074829e-02 -1.331386268138885498e-01 -5.889726877212524414e-01 1.000000000000000000e+00
