-7.459703683853149414e-01 -7.436156272888183594e-01
-7.251136898994445801e-01 -5.514048337936401367e-01
-6.951957941055297852e-01 -3.578449487686157227e-01
-6.673454046249389648e-01 -1.715564131736755371e-01
-6.059825420379638672e-01 7.462445064447820187e-04
-5.109037756919860840e-01 1.519559472799301147e-01
-3.702649176120758057e-01 2.634190320968627930e-01
-1.924849301576614380e-01 3.382343351840972900e-01
-1.087463553994894028e-02 3.592933118343353271e-01
1.711943447589874268e-01 3.341841101646423340e-01
3.518769741058349609e-01 2.591477632522583008e-01
4.883530735969543457e-01 1.428966671228408813e-01
5.835756063461303711e-01 -9.227522648870944977e-03
6.419912576675415039e-01 -1.820695400238037109e-01
6.727608442306518555e-01 -3.683844506740570068e-01
7.034621238708496094e-01 -5.602581501007080078e-01
7.286123037338256836e-01 -7.487255930900573730e-01
-6.289273500442504883e-01 -8.535882830619812012e-01
-5.395634174346923828e-01 -1.035046458244323730e+00
-3.926672041416168213e-01 -1.073252439498901367e+00
-2.349796444177627563e-01 -1.054065346717834473e+00
-1.019815802574157715e-01 -1.007626771926879883e+00
9.681750088930130005e-02 -1.007861495018005371e+00
2.298902422189712524e-01 -1.055583834648132324e+00
3.874725997447967529e-01 -1.076295733451843262e+00
5.299590826034545898e-01 -1.040451645851135254e+00
6.152630448341369629e-01 -8.591057658195495605e-01
-1.561954966746270657e-03 -8.526231050491333008e-01
-4.418639582581818104e-04 -7.250310182571411133e-01
-1.831791014410555363e-03 -6.173513531684875488e-01
-1.587804639711976051e-03 -5.026027560234069824e-01
-1.287605911493301392e-01 -3.710565268993377686e-01
-6.985159218311309814e-02 -3.493446707725524902e-01
-6.839196197688579559e-03 -3.314494788646697998e-01
5.642801150679588318e-02 -3.493821322917938232e-01
1.147594228386878967e-01 -3.705590367317199707e-01
-4.726537764072418213e-01 -7.878169417381286621e-01
-3.806125819683074951e-01 -8.499531149864196777e-01
-2.789162695407867432e-01 -8.454177975654602051e-01
-1.863357424736022949e-01 -7.852247357368469238e-01
-2.732197046279907227e-01 -7.561087608337402344e-01
-3.734632730484008789e-01 -7.510564327239990234e-01
1.752804666757583618e-01 -7.864934206008911133e-01
2.680763304233551025e-01 -8.453809618949890137e-01
3.704922795295715332e-01 -8.506588935852050781e-01
4.624467492103576660e-01 -7.898529171943664551e-01
3.612664341926574707e-01 -7.529137730598449707e-01
2.612359523773193359e-01 -7.582245469093322754e-01
-2.432213723659515381e-01 -1.245790421962738037e-01
-1.759179532527923584e-01 -1.747309416532516479e-01
-7.262232899665832520e-02 -2.023624777793884277e-01
-6.364467088133096695e-03 -1.969320327043533325e-01
6.053523719310760498e-02 -2.023459523916244507e-01
1.601929515600204468e-01 -1.741348057985305786e-01
2.250624597072601318e-01 -1.247275993227958679e-01
1.571979522705078125e-01 -8.028784394264221191e-02
5.985230952501296997e-02 -5.880104377865791321e-02
-9.135310538113117218e-03 -5.428161099553108215e-02
-7.843311876058578491e-02 -6.043029204010963440e-02
-1.776964962482452393e-01 -8.343956619501113892e-02
-2.384133338928222656e-01 -1.252208054065704346e-01
-7.210996747016906738e-02 -1.345866024494171143e-01
-7.677971851080656052e-03 -1.369630545377731323e-01
5.701537430286407471e-02 -1.330253034830093384e-01
2.231602817773818970e-01 -1.251154243946075439e-01
5.975073948502540588e-02 -1.328289210796356201e-01
-8.328022435307502747e-03 -1.321721673011779785e-01
-7.687971740961074829e-02 -1.331386268138885498e-01
