-7.590338587760925293e-01 -2.117090374231338501e-01
-7.409244179725646973e-01 -2.512325346469879150e-02
-7.186831235885620117e-01 1.633669137954711914e-01
-6.948820352554321289e-01 3.441169857978820801e-01
-6.353543400764465332e-01 5.114673972129821777e-01
-5.436583161354064941e-01 6.592702865600585938e-01
-4.044653177261352539e-01 7.697035074234008789e-01
-2.254476100206375122e-01 8.407695293426513672e-01
-4.428309574723243713e-02 8.597370386123657227e-01
1.374365687370300293e-01 8.386714458465576172e-01
3.198151588439941406e-01 7.665703892707824707e-01
4.547089338302612305e-01 6.512441635131835938e-01
5.464980006217956543e-01 5.029526948928833008e-01
6.031001806259155273e-01 3.359715640544891357e-01
6.274593472480773926e-01 1.549015790224075317e-01
6.492435932159423828e-01 -3.205876797437667847e-02
6.707538366317749023e-01 -2.143907248973846436e-01
-6.451368927955627441e-01 -3.177212178707122803e-01
-5.582049489021301270e-01 -4.928356409072875977e-01
-4.163157641887664795e-01 -5.307794809341430664e-01
-2.625809311866760254e-01 -5.124474763870239258e-01
-1.341886222362518311e-01 -4.686250686645507812e-01
5.902973562479019165e-02 -4.693495929241180420e-01
1.868205070495605469e-01 -5.154196619987487793e-01
3.398237228393554688e-01 -5.345402956008911133e-01
4.782161116600036621e-01 -4.973994195461273193e-01
5.626262426376342773e-01 -3.216245472431182861e-01
-3.653217852115631104e-02 -3.160667419433593750e-01
-3.511639311909675598e-02 -1.916066408157348633e-01
-3.608218953013420105e-02 -9.695784002542495728e-02
-3.660611063241958618e-02 5.543834064155817032e-03
-1.708796918392181396e-01 1.385921686887741089e-01
-1.062054038047790527e-01 1.583543717861175537e-01
-3.971736878156661987e-02 1.756040900945663452e-01
2.739845030009746552e-02 1.588338166475296021e-01
9.183357656002044678e-02 1.405493766069412231e-01
-4.965344071388244629e-01 -2.592877149581909180e-01
-4.070294797420501709e-01 -3.181846141815185547e-01
-3.088876903057098389e-01 -3.143389821052551270e-01
-2.205227315425872803e-01 -2.591964304447174072e-01
-3.043830096721649170e-01 -2.308183312416076660e-01
-4.019020199775695801e-01 -2.254326939582824707e-01
1.437306404113769531e-01 -2.590116560459136963e-01
2.313444614410400391e-01 -3.135779798030853271e-01
3.296662271022796631e-01 -3.182399868965148926e-01
4.193042218685150146e-01 -2.607679069042205811e-01
3.239085674285888672e-01 -2.264166474342346191e-01
2.266887724399566650e-01 -2.315332889556884766e-01
-2.789438664913177490e-01 3.874053955078125000e-01
-2.114441394805908203e-01 3.417690396308898926e-01
-1.066696494817733765e-01 3.139900267124176025e-01
-3.935442864894866943e-02 3.197729885578155518e-01
2.873456478118896484e-02 3.136666119098663330e-01
1.300196498632431030e-01 3.422744274139404297e-01
1.937170773744583130e-01 3.878616094589233398e-01
1.264593601226806641e-01 4.311476051807403564e-01
2.712171711027622223e-02 4.535023272037506104e-01
-4.330987483263015747e-02 4.583100974559783936e-01
-1.139539405703544617e-01 4.514087736606597900e-01
-2.150259315967559814e-01 4.272697865962982178e-01
-2.733931243419647217e-01 3.864503800868988037e-01
-1.065935865044593811e-01 3.852817416191101074e-01
-4.053916037082672119e-02 3.835855126380920410e-01
2.579546906054019928e-02 3.866833746433258057e-01
1.915977001190185547e-01 3.875482976436614990e-01
2.704118750989437103e-02 3.753978312015533447e-01
-4.183882102370262146e-02 3.757656514644622803e-01
-1.117030754685401917e-01 3.749506175518035889e-01
