-7.697136402130126953e-01 -2.080976516008377075e-01 3.711073994636535645e-01 1.000000000000000000e+00
-7.618757486343383789e-01 -6.701284553855657578e-03 3.827415108680725098e-01 1.000000000000000000e+00
-7.416631579399108887e-01 2.193379998207092285e-01 3.815263509750366211e-01 1.000000000000000000e+00
-7.003675699234008789e-01 4.057773947715759277e-01 3.000946938991546631e-01 1.000000000000000000e+00
-6.317241787910461426e-01 5.723658204078674316e-01 1.429492831230163574e-01 1.000000000000000000e+00
-5.265896320343017578e-01 6.963091492652893066e-01 -7.830689847469329834e-02 1.000000000000000000e+00
-3.874547481536865234e-01 7.887819409370422363e-01 -2.429854571819305420e-01 1.000000000000000000e+00
-2.229631543159484863e-01 8.470786213874816895e-01 -4.118492007255554199e-01 1.000000000000000000e+00
-3.045108355581760406e-02 8.790881037712097168e-01 -4.350313842296600342e-01 1.000000000000000000e+00
1.353707760572433472e-01 8.448963761329650879e-01 -4.096705019474029541e-01 1.000000000000000000e+00
3.014102876186370850e-01 7.868079543113708496e-01 -2.404970824718475342e-01 1.000000000000000000e+00
4.375647306442260742e-01 6.906408667564392090e-01 -7.627059519290924072e-02 1.000000000000000000e+00
5.418327450752258301e-01 5.660356879234313965e-01 1.441632658243179321e-01 1.000000000000000000e+00
6.076182126998901367e-01 3.992342948913574219e-01 3.002371490001678467e-01 1.000000000000000000e+00
6.480085253715515137e-01 2.170044332742691040e-01 3.753280937671661377e-01 1.000000000000000000e+00
6.684868931770324707e-01 -9.263223968446254730e-03 3.676472008228302002e-01 1.000000000000000000e+00
6.819942593574523926e-01 -2.114270031452178955e-01 3.577463328838348389e-01 1.000000000000000000e+00
-6.451368927955627441e-01 -3.177212178707122803e-01 -9.286194294691085815e-02 1.000000000000000000e+00
-5.582049489021301270e-01 -4.928356409072875977e-01 -2.411952018737792969e-01 1.000000000000000000e+00
-4.163157641887664795e-01 -5.307794809341430664e-01 -3.741492629051208496e-01 1.000000000000000000e+00
-2.625809311866760254e-01 -5.124474763870239258e-01 -4.423970282077789307e-01 1.000000000000000000e+00
-1.341886222362518311e-01 -4.686250686645507812e-01 -4.621562659740447998e-01 1.000000000000000000e+00
5.902973562479019165e-02 -4.693495929241180420e-01 -4.649301767349243164e-01 1.000000000000000000e+00
1.868205070495605469e-01 -5.154196619987487793e-01 -4.513777792453765869e-01 1.000000000000000000e+00
3.398237228393554688e-01 -5.345402956008911133e-01 -3.829038441181182861e-01 1.000000000000000000e+00
4.782161116600036621e-01 -4.973994195461273193e-01 -2.481449842453002930e-01 1.000000000000000000e+00
5.626262426376342773e-01 -3.216245472431182861e-01 -1.017773374915122986e-01 1.000000000000000000e+00
-3.653217852115631104e-02 -3.160667419433593750e-01 -4.937707185745239258e-01 1.000000000000000000e+00
-3.511639311909675598e-02 -1.916066408157348633e-01 -5.914015769958496094e-01 1.000000000000000000e+00
-3.608218953013420105e-02 -9.695784002542495728e-02 -6.814333200454711914e-01 1.000000000000000000e+00
-3.660611063241958618e-02 5.543834064155817032e-03 -7.506746053695678711e-01 1.000000000000000000e+00
-1.708796918392181396e-01 1.385921686887741089e-01 -5.507887005805969238e-01 1.000000000000000000e+00
-1.062054038047790527e-01 1.583543717861175537e-01 -5.887291431427001953e-01 1.000000000000000000e+00
-3.971736878156661987e-02 1.756040900945663452e-01 -6.129606962203979492e-01 1.000000000000000000e+00
2.739845030009746552e-02 1.588338166475296021e-01 -5.921041965484619141e-01 1.000000000000000000e+00
9.183357656002044678e-02 1.405493766069412231e-01 -5.552874803543090820e-01 1.000000000000000000e+00
-4.965344071388244629e-01 -2.592877149581909180e-01 -2.773629128932952881e-01 1.000000000000000000e+00
-4.070294797420501709e-01 -3.181846141815185547e-01 -3.701018095016479492e-01 1.000000000000000000e+00
-3.088876903057098389e-01 -3.143389821052551270e-01 -3.789104521274566650e-01 1.000000000000000000e+00
-2.205227315425872803e-01 -2.591964304447174072e-01 -3.512367308139801025e-01 1.000000000000000000e+00
-3.043830096721649170e-01 -2.308183312416076660e-01 -3.671058416366577148e-01 1.000000000000000000e+00
-4.019020199775695801e-01 -2.254326939582824707e-01 -3.569257557392120361e-01 1.000000000000000000e+00
1.437306404113769531e-01 -2.590116560459136963e-01 -3.567138314247131348e-01 1.000000000000000000e+00
2.313444614410400391e-01 -3.135779798030853271e-01 -3.862842023372650146e-01 1.000000000000000000e+00
3.296662271022796631e-01 -3.182399868965148926e-01 -3.787021934986114502e-01 1.000000000000000000e+00
4.193042218685150146e-01 -2.607679069042205811e-01 -2.846819758415222168e-01 1.000000000000000000e+00
3.239085674285888672e-01 -2.264166474342346191e-01 -3.640191853046417236e-01 1.000000000000000000e+00
2.266887724399566650e-01 -2.315332889556884766e-01 -3.733587563037872314e-01 1.000000000000000000e+00
-2.789438664913177490e-01 3.874053955078125000e-01 -5.049905180931091309e-01 1.000000000000000000e+00
-2.114441394805908203e-01 3.417690396308898926e-01 -5.982471704483032227e-01 1.000000000000000000e+00
-1.066696494817733765e-01 3.139900267124176025e-01 -6.495562791824340820e-01 1.000000000000000000e+00
-3.935442864894866943e-02 3.197729885578155518e-01 -6.597356796264648438e-01 1.000000000000000000e+00
2.873456478118896484e-02 3.136666119098663330e-01 -6.529805660247802734e-01 1.000000000000000000e+00
1.300196498632431030e-01 3.422744274139404297e-01 -6.026294827461242676e-01 1.000000000000000000e+00
1.937170773744583130e-01 3.878616094589233398e-01 -5.092739462852478027e-01 1.000000000000000000e+00
1.264593601226806641e-01 4.311476051807403564e-01 -5.836358070373535156e-01 1.000000000000000000e+00
2.712171711027622223e-02 4.535023272037506104e-01 -6.511759757995605469e-01 1.000000000000000000e+00
-4.330987483263015747e-02 4.583100974559783936e-01 -6.567915678024291992e-01 1.000000000000000000e+00
-1.139539405703544617e-01 4.514087736606597900e-01 -6.491282582283020020e-01 1.000000000000000000e+00
-2.150259315967559814e-01 4.272697865962982178e-01 -5.836265683174133301e-01 1.000000000000000000e+00
-2.733931243419647217e-01 3.864503800868988037e-01 -5.033037066459655762e-01 1.000000000000000000e+00
-1.065935865044593811e-01 3.852817416191101074e-01 -6.070433855056762695e-01 1.000000000000000000e+00
-4.053916037082672119e-02 3.835855126380920410e-01 -6.106265783309936523e-01 1.000000000000000000e+00
2.579546906054019928e-02 3.866833746433258057e-01 -6.083829998970031738e-01 1.000000000000000000e+00
1.915977001190185547e-01 3.875482976436614990e-01 -5.094316005706787109e-01 1.000000000000000000e+00
2.704118750989437103e-02 3.753978312015533447e-01 -6.233019232749938965e-01 1.000000000000000000e+00
-4.183882102370262146e-02 3.757656514644622803e-01 -6.318854689598083496e-01 1.000000000000000000e+00
-1.117030754685401917e-01 3.749506175518035889e-01 -6.214471459388732910e-01 1.000000000000000000e+00
