-8.768135905265808105e-01 -5.153669714927673340e-01 3.617254793643951416e-01 1.000000000000000000e+00
-8.599283099174499512e-01 -3.181459009647369385e-01 3.739644587039947510e-01 1.000000000000000000e+00
-8.340158462524414062e-01 -9.959097206592559814e-02 3.747078180313110352e-01 1.000000000000000000e+00
-7.996737360954284668e-01 8.186724036931991577e-02 2.962166965007781982e-01 1.000000000000000000e+00
-7.299764156341552734e-01 2.407840490341186523e-01 1.448224484920501709e-01 1.000000000000000000e+00
-6.230587363243103027e-01 3.543316125869750977e-01 -6.880547851324081421e-02 1.000000000000000000e+00
-4.802815616130828857e-01 4.367746412754058838e-01 -2.251713275909423828e-01 1.000000000000000000e+00
-3.149098157882690430e-01 4.876568913459777832e-01 -3.901762962341308594e-01 1.000000000000000000e+00
-1.276925504207611084e-01 5.190334320068359375e-01 -4.147973656654357910e-01 1.000000000000000000e+00
3.408988192677497864e-02 4.839069843292236328e-01 -3.880823850631713867e-01 1.000000000000000000e+00
2.001630812883377075e-01 4.336571693420410156e-01 -2.249967902898788452e-01 1.000000000000000000e+00
3.398057520389556885e-01 3.473595380783081055e-01 -7.000515609979629517e-02 1.000000000000000000e+00
4.437457621097564697e-01 2.322008162736892700e-01 1.419491469860076904e-01 1.000000000000000000e+00
5.072315335273742676e-01 7.181874662637710571e-02 2.924728095531463623e-01 0.000000000000000000e+00
5.458114743232727051e-01 -1.043153926730155945e-01 3.654299676418304443e-01 1.000000000000000000e+00
5.721354484558105469e-01 -3.240202665328979492e-01 3.561201095581054688e-01 1.000000000000000000e+00
5.994021296501159668e-01 -5.215317010879516602e-01 3.464230597019195557e-01 1.000000000000000000e+00
-7.536635398864746094e-01 -6.264199018478393555e-01 -9.961000084877014160e-02 1.000000000000000000e+00
-6.585437059402465820e-01 -7.999396920204162598e-01 -2.464571744203567505e-01 1.000000000000000000e+00
-5.123209357261657715e-01 -8.377981185913085938e-01 -3.782621324062347412e-01 1.000000000000000000e+00
-3.585441708564758301e-01 -8.202810883522033691e-01 -4.467433094978332520e-01 1.000000000000000000e+00
-2.300828993320465088e-01 -7.760752439498901367e-01 -4.669116735458374023e-01 1.000000000000000000e+00
-3.586663305759429932e-02 -7.764130830764770508e-01 -4.703421592712402344e-01 1.000000000000000000e+00
9.241805970668792725e-02 -8.221123814582824707e-01 -4.570763707160949707e-01 1.000000000000000000e+00
2.452815622091293335e-01 -8.407729268074035645e-01 -3.876745104789733887e-01 1.000000000000000000e+00
3.871821463108062744e-01 -8.051742315292358398e-01 -2.525255978107452393e-01 1.000000000000000000e+00
4.795639812946319580e-01 -6.320078372955322266e-01 -1.083610132336616516e-01 1.000000000000000000e+00
-1.317652016878128052e-01 -6.246586441993713379e-01 -4.912851154804229736e-01 1.000000000000000000e+00
-1.303929537534713745e-01 -5.038231611251831055e-01 -5.764911770820617676e-01 1.000000000000000000e+00
-1.310013681650161743e-01 -4.107891321182250977e-01 -6.534501910209655762e-01 1.000000000000000000e+00
-1.303899139165878296e-01 -3.115607798099517822e-01 -7.176061272621154785e-01 1.000000000000000000e+00
-2.606627643108367920e-01 -1.890909969806671143e-01 -5.182884335517883301e-01 1.000000000000000000e+00
-1.989545971155166626e-01 -1.704622656106948853e-01 -5.520155429840087891e-01 1.000000000000000000e+00
-1.352501958608627319e-01 -1.546831130981445312e-01 -5.739607214927673340e-01 1.000000000000000000e+00
-7.112101465463638306e-02 -1.703500151634216309e-01 -5.550285577774047852e-01 1.000000000000000000e+00
-1.028777845203876495e-02 -1.881325989961624146e-01 -5.217548012733459473e-01 1.000000000000000000e+00
-5.964693427085876465e-01 -5.644305348396301270e-01 -2.847801744937896729e-01 1.000000000000000000e+00
-5.075200796127319336e-01 -6.228823065757751465e-01 -3.792214393615722656e-01 1.000000000000000000e+00
-4.100972712039947510e-01 -6.192705631256103516e-01 -3.869777619838714600e-01 1.000000000000000000e+00
-3.217572867870330811e-01 -5.645549893379211426e-01 -3.574283123016357422e-01 1.000000000000000000e+00
-4.051254093647003174e-01 -5.366967320442199707e-01 -3.734269440174102783e-01 1.000000000000000000e+00
-5.013300180435180664e-01 -5.313259363174438477e-01 -3.632349073886871338e-01 1.000000000000000000e+00
5.088319256901741028e-02 -5.645061135292053223e-01 -3.682020008563995361e-01 1.000000000000000000e+00
1.389082223176956177e-01 -6.180220246315002441e-01 -3.984638750553131104e-01 1.000000000000000000e+00
2.367352694272994995e-01 -6.229956150054931641e-01 -3.913680911064147949e-01 1.000000000000000000e+00
3.257436752319335938e-01 -5.657871961593627930e-01 -2.946378588676452637e-01 1.000000000000000000e+00
2.296203970909118652e-01 -5.323266386985778809e-01 -3.744752109050750732e-01 1.000000000000000000e+00
1.336238980293273926e-01 -5.378962755203247070e-01 -3.845912218093872070e-01 1.000000000000000000e+00
-3.683628737926483154e-01 4.210136458277702332e-02 -4.578336477279663086e-01 1.000000000000000000e+00
-3.023536801338195801e-01 -6.015334278345108032e-03 -5.492659211158752441e-01 1.000000000000000000e+00
-2.000038623809814453e-01 -3.342270478606224060e-02 -6.000694036483764648e-01 1.000000000000000000e+00
-1.345265805721282959e-01 -2.845318429172039032e-02 -6.096228957176208496e-01 1.000000000000000000e+00
-6.855996698141098022e-02 -3.358959406614303589e-02 -6.033802628517150879e-01 1.000000000000000000e+00
2.985218726098537445e-02 -5.446462426334619522e-03 -5.534593462944030762e-01 1.000000000000000000e+00
9.275473654270172119e-02 4.274753481149673462e-02 -4.634748101234436035e-01 1.000000000000000000e+00
2.561932243406772614e-02 8.502146601676940918e-02 -5.377105474472045898e-01 1.000000000000000000e+00
-7.019541412591934204e-02 1.052319481968879700e-01 -6.023680567741394043e-01 1.000000000000000000e+00
-1.383760869503021240e-01 1.095890402793884277e-01 -6.074473857879638672e-01 1.000000000000000000e+00
-2.071158736944198608e-01 1.034454330801963806e-01 -5.991420745849609375e-01 1.000000000000000000e+00
-3.055039942264556885e-01 8.136081695556640625e-02 -5.368317961692810059e-01 1.000000000000000000e+00
-3.631532192230224609e-01 4.102202132344245911e-02 -4.557077884674072266e-01 1.000000000000000000e+00
-1.991678923368453979e-01 3.181169182062149048e-02 -5.547346472740173340e-01 1.000000000000000000e+00
-1.358871757984161377e-01 2.990209683775901794e-02 -5.580654740333557129e-01 1.000000000000000000e+00
-7.236725836992263794e-02 3.348352015018463135e-02 -5.559557080268859863e-01 1.000000000000000000e+00
9.073215723037719727e-02 4.218323156237602234e-02 -4.633828401565551758e-01 1.000000000000000000e+00
-7.118012756109237671e-02 3.288438916206359863e-02 -5.713294744491577148e-01 1.000000000000000000e+00
-1.378276050090789795e-01 3.328202664852142334e-02 -5.793577432632446289e-01 1.000000000000000000e+00
-2.048503905534744263e-01 3.237581253051757812e-02 -5.691086053848266602e-01 1.000000000000000000e+00
