-8.677637577056884766e-01 -5.198626518249511719e-01
-8.497270345687866211e-01 -3.365670442581176758e-01
-8.274685740470886230e-01 -1.520068347454071045e-01
-8.008742928504943848e-01 2.245262637734413147e-02
-7.373456358909606934e-01 1.809477061033248901e-01
-6.408811807632446289e-01 3.189714848995208740e-01
-4.974896907806396484e-01 4.188758432865142822e-01
-3.173667192459106445e-01 4.816277623176574707e-01
-1.405092179775238037e-01 5.010480880737304688e-01
3.637294471263885498e-02 4.780415296554565430e-01
2.192348241806030273e-01 4.149826169013977051e-01
3.588079810142517090e-01 3.104115128517150879e-01
4.554282426834106445e-01 1.722676008939743042e-01
5.155876278877258301e-01 1.341832056641578674e-02
5.442075133323669434e-01 -1.615304946899414062e-01
5.656420588493347168e-01 -3.453272283077239990e-01
5.890076160430908203e-01 -5.255477428436279297e-01
-7.536635398864746094e-01 -6.264199018478393555e-01
-6.585437059402465820e-01 -7.999396920204162598e-01
-5.123209357261657715e-01 -8.377981185913085938e-01
-3.585441708564758301e-01 -8.202810883522033691e-01
-2.300828993320465088e-01 -7.760752439498901367e-01
-3.586663305759429932e-02 -7.764130830764770508e-01
9.241805970668792725e-02 -8.221123814582824707e-01
2.452815622091293335e-01 -8.407729268074035645e-01
3.871821463108062744e-01 -8.051742315292358398e-01
4.795639812946319580e-01 -6.320078372955322266e-01
-1.317652016878128052e-01 -6.246586441993713379e-01
-1.303929537534713745e-01 -5.038231611251831055e-01
-1.310013681650161743e-01 -4.107891321182250977e-01
-1.303899139165878296e-01 -3.115607798099517822e-01
-2.606627643108367920e-01 -1.890909969806671143e-01
-1.989545971155166626e-01 -1.704622656106948853e-01
-1.352501958608627319e-01 -1.546831130981445312e-01
-7.112101465463638306e-02 -1.703500151634216309e-01
-1.028777845203876495e-02 -1.881325989961624146e-01
-5.964693427085876465e-01 -5.644305348396301270e-01
-5.075200796127319336e-01 -6.228823065757751465e-01
-4.100972712039947510e-01 -6.192705631256103516e-01
-3.217572867870330811e-01 -5.645549893379211426e-01
-4.051254093647003174e-01 -5.366967320442199707e-01
-5.013300180435180664e-01 -5.313259363174438477e-01
5.088319256901741028e-02 -5.645061135292053223e-01
1.389082223176956177e-01 -6.180220246315002441e-01
2.367352694272994995e-01 -6.229956150054931641e-01
3.257436752319335938e-01 -5.657871961593627930e-01
2.296203970909118652e-01 -5.323266386985778809e-01
1.336238980293273926e-01 -5.378962755203247070e-01
-3.683628737926483154e-01 4.210136458277702332e-02
-3.023536801338195801e-01 -6.015334278345108032e-03
-2.000038623809814453e-01 -3.342270478606224060e-02
-1.345265805721282959e-01 -2.845318429172039032e-02
-6.855996698141098022e-02 -3.358959406614303589e-02
2.985218726098537445e-02 -5.446462426334619522e-03
9.275473654270172119e-02 4.274753481149673462e-02
2.561932243406772614e-02 8.502146601676940918e-02
-7.019541412591934204e-02 1.052319481968879700e-01
-1.383760869503021240e-01 1.095890402793884277e-01
-2.071158736944198608e-01 1.034454330801963806e-01
-3.055039942264556885e-01 8.136081695556640625e-02
-3.631532192230224609e-01 4.102202132344245911e-02
-1.991678923368453979e-01 3.181169182062149048e-02
-1.358871757984161377e-01 2.990209683775901794e-02
-7.236725836992263794e-02 3.348352015018463135e-02
9.073215723037719727e-02 4.218323156237602234e-02
-7.118012756109237671e-02 3.288438916206359863e-02
-1.378276050090789795e-01 3.328202664852142334e-02
-2.048503905534744263e-01 3.237581253051757812e-02
