-7.202419638633728027e-01 -3.641627132892608643e-01 3.491074442863464355e-01 1.000000000000000000e+00
-7.097007036209106445e-01 -1.665673702955245972e-01 3.633361160755157471e-01 1.000000000000000000e+00
-6.917548775672912598e-01 5.451093986630439758e-02 3.630138933658599854e-01 1.000000000000000000e+00
-6.694472432136535645e-01 2.352905422449111938e-01 2.840510308742523193e-01 1.000000000000000000e+00
-5.952043533325195312e-01 3.912844061851501465e-01 1.312947124242782593e-01 1.000000000000000000e+00
-4.916451275348663330e-01 5.108600854873657227e-01 -8.735508471727371216e-02 1.000000000000000000e+00
-3.472585678100585938e-01 5.967917442321777344e-01 -2.481800764799118042e-01 1.000000000000000000e+00
-1.775877028703689575e-01 6.443477869033813477e-01 -4.088504612445831299e-01 1.000000000000000000e+00
1.203727908432483673e-02 6.760467886924743652e-01 -4.346493482589721680e-01 1.000000000000000000e+00
1.749012619256973267e-01 6.404042840003967285e-01 -4.054113924503326416e-01 1.000000000000000000e+00
3.484470844268798828e-01 5.954170227050781250e-01 -2.463321983814239502e-01 1.000000000000000000e+00
4.874494671821594238e-01 5.038724541664123535e-01 -8.581571280956268311e-02 1.000000000000000000e+00
5.908811688423156738e-01 3.838585019111633301e-01 1.307218372821807861e-01 1.000000000000000000e+00
6.571072936058044434e-01 2.260249853134155273e-01 2.836379706859588623e-01 1.000000000000000000e+00
6.825650334358215332e-01 5.025075003504753113e-02 3.564794063568115234e-01 1.000000000000000000e+00
7.029439210891723633e-01 -1.714129447937011719e-01 3.459866642951965332e-01 1.000000000000000000e+00
7.180843949317932129e-01 -3.700184524059295654e-01 3.319704532623291016e-01 1.000000000000000000e+00
-5.870457291603088379e-01 -4.723101258277893066e-01 -9.689063578844070435e-02 1.000000000000000000e+00
-4.958918392658233643e-01 -6.414477825164794922e-01 -2.419544458389282227e-01 1.000000000000000000e+00
-3.550887405872344971e-01 -6.778187155723571777e-01 -3.722314834594726562e-01 1.000000000000000000e+00
-2.064556330442428589e-01 -6.621992588043212891e-01 -4.371662437915802002e-01 1.000000000000000000e+00
-8.214074373245239258e-02 -6.216913461685180664e-01 -4.527853131294250488e-01 1.000000000000000000e+00
9.893306344747543335e-02 -6.215203404426574707e-01 -4.564092755317687988e-01 1.000000000000000000e+00
2.222273498773574829e-01 -6.634095907211303711e-01 -4.483058750629425049e-01 1.000000000000000000e+00
3.696843981742858887e-01 -6.809154748916625977e-01 -3.837844133377075195e-01 1.000000000000000000e+00
5.060899257659912109e-01 -6.471078395843505859e-01 -2.514061629772186279e-01 1.000000000000000000e+00
5.949136614799499512e-01 -4.783082008361816406e-01 -1.090217754244804382e-01 1.000000000000000000e+00
1.039375085383653641e-02 -4.814848601818084717e-01 -4.805637598037719727e-01 1.000000000000000000e+00
1.107076741755008698e-02 -3.670389354228973389e-01 -5.763117074966430664e-01 1.000000000000000000e+00
9.934821166098117828e-03 -2.717803418636322021e-01 -6.616648435592651367e-01 1.000000000000000000e+00
1.032526604831218719e-02 -1.670412421226501465e-01 -7.347626090049743652e-01 1.000000000000000000e+00
-1.165679469704627991e-01 -3.997172415256500244e-02 -5.206881761550903320e-01 1.000000000000000000e+00
-5.678872391581535339e-02 -2.035165578126907349e-02 -5.576106905937194824e-01 1.000000000000000000e+00
4.515870008617639542e-03 -3.822416765615344048e-03 -5.819692015647888184e-01 1.000000000000000000e+00
6.643524020910263062e-02 -2.024852856993675232e-02 -5.611958503723144531e-01 1.000000000000000000e+00
1.251540780067443848e-01 -3.851888328790664673e-02 -5.246607661247253418e-01 1.000000000000000000e+00
-4.244037270545959473e-01 -4.127091169357299805e-01 -2.634505927562713623e-01 1.000000000000000000e+00
-3.391018509864807129e-01 -4.702742695808410645e-01 -3.556371331214904785e-01 1.000000000000000000e+00
-2.431581914424896240e-01 -4.674665331840515137e-01 -3.620983064174652100e-01 1.000000000000000000e+00
-1.548431217670440674e-01 -4.147899746894836426e-01 -3.300929069519042969e-01 1.000000000000000000e+00
-2.372796386480331421e-01 -3.867429494857788086e-01 -3.479042053222656250e-01 1.000000000000000000e+00
-3.307083547115325928e-01 -3.815000653266906738e-01 -3.382417261600494385e-01 1.000000000000000000e+00
1.697932183742523193e-01 -4.160875082015991211e-01 -3.394420742988586426e-01 1.000000000000000000e+00
2.565798163414001465e-01 -4.673688411712646484e-01 -3.724957406520843506e-01 1.000000000000000000e+00
3.527197539806365967e-01 -4.709301888942718506e-01 -3.676266074180603027e-01 1.000000000000000000e+00
4.377602636814117432e-01 -4.145524501800537109e-01 -2.733058035373687744e-01 1.000000000000000000e+00
3.435052633285522461e-01 -3.827643692493438721e-01 -3.485455214977264404e-01 1.000000000000000000e+00
2.505691647529602051e-01 -3.886388242244720459e-01 -3.573055565357208252e-01 1.000000000000000000e+00
-2.242861241102218628e-01 2.021526396274566650e-01 -4.597798287868499756e-01 1.000000000000000000e+00
-1.585890650749206543e-01 1.527538746595382690e-01 -5.509542822837829590e-01 1.000000000000000000e+00
-5.856199190020561218e-02 1.250614225864410400e-01 -6.024952530860900879e-01 1.000000000000000000e+00
5.326758604496717453e-03 1.297394037246704102e-01 -6.124383807182312012e-01 1.000000000000000000e+00
6.976257264614105225e-02 1.252270638942718506e-01 -6.064264178276062012e-01 1.000000000000000000e+00
1.666249483823776245e-01 1.543902605772018433e-01 -5.559371113777160645e-01 1.000000000000000000e+00
2.301071882247924805e-01 2.049249708652496338e-01 -4.676052629947662354e-01 1.000000000000000000e+00
1.618239283561706543e-01 2.455066442489624023e-01 -5.350780487060546875e-01 1.000000000000000000e+00
6.829240918159484863e-02 2.646765410900115967e-01 -5.953101515769958496e-01 1.000000000000000000e+00
1.944846473634243011e-03 2.681975066661834717e-01 -6.003599762916564941e-01 1.000000000000000000e+00
-6.513635814189910889e-02 2.619729936122894287e-01 -5.927276015281677246e-01 1.000000000000000000e+00
-1.604696512222290039e-01 2.406211495399475098e-01 -5.335403680801391602e-01 1.000000000000000000e+00
-2.191616892814636230e-01 2.015450298786163330e-01 -4.577347934246063232e-01 1.000000000000000000e+00
-5.792376771569252014e-02 1.903098672628402710e-01 -5.568822026252746582e-01 1.000000000000000000e+00
4.274346400052309036e-03 1.874603778123855591e-01 -5.603414773941040039e-01 1.000000000000000000e+00
6.677617877721786499e-02 1.930528283119201660e-01 -5.586188435554504395e-01 1.000000000000000000e+00
2.281474918127059937e-01 2.046210318803787231e-01 -4.675033688545227051e-01 1.000000000000000000e+00
6.779925525188446045e-02 1.974630802869796753e-01 -5.685094594955444336e-01 1.000000000000000000e+00
3.376567270606756210e-03 1.977903544902801514e-01 -5.763263702392578125e-01 1.000000000000000000e+00
-6.237101182341575623e-02 1.962020546197891235e-01 -5.663577914237976074e-01 1.000000000000000000e+00
