-7.121145725250244141e-01 -3.679037392139434814e-01
-6.917116641998291016e-01 -1.863713711500167847e-01
-6.788220405578613281e-01 -3.361919661983847618e-03
-6.572629809379577637e-01 1.717828065156936646e-01
-5.947389006614685059e-01 3.299121856689453125e-01
-5.070393681526184082e-01 4.737652838230133057e-01
-3.649151921272277832e-01 5.786713957786560059e-01
-1.801917701959609985e-01 6.383727788925170898e-01
-1.285026781260967255e-03 6.567804217338562012e-01
1.773402690887451172e-01 6.345999240875244141e-01
3.679126203060150146e-01 5.765289664268493652e-01
5.039662718772888184e-01 4.654617309570312500e-01
5.918728113174438477e-01 3.218762874603271484e-01
6.526916623115539551e-01 1.642667055130004883e-01
6.758298873901367188e-01 -1.203489582985639572e-02
6.886466145515441895e-01 -1.946978569030761719e-01
7.109441161155700684e-01 -3.732524812221527100e-01
-5.870457291603088379e-01 -4.723101258277893066e-01
-4.958918392658233643e-01 -6.414477825164794922e-01
-3.550887405872344971e-01 -6.778187155723571777e-01
-2.064556330442428589e-01 -6.621992588043212891e-01
-8.214074373245239258e-02 -6.216913461685180664e-01
9.893306344747543335e-02 -6.215203404426574707e-01
2.222273498773574829e-01 -6.634095907211303711e-01
3.696843981742858887e-01 -6.809154748916625977e-01
5.060899257659912109e-01 -6.471078395843505859e-01
5.949136614799499512e-01 -4.783082008361816406e-01
1.039375085383653641e-02 -4.814848601818084717e-01
1.107076741755008698e-02 -3.670389354228973389e-01
9.934821166098117828e-03 -2.717803418636322021e-01
1.032526604831218719e-02 -1.670412421226501465e-01
-1.165679469704627991e-01 -3.997172415256500244e-02
-5.678872391581535339e-02 -2.035165578126907349e-02
4.515870008617639542e-03 -3.822416765615344048e-03
6.643524020910263062e-02 -2.024852856993675232e-02
1.251540780067443848e-01 -3.851888328790664673e-02
-4.244037270545959473e-01 -4.127091169357299805e-01
-3.391018509864807129e-01 -4.702742695808410645e-01
-2.431581914424896240e-01 -4.674665331840515137e-01
-1.548431217670440674e-01 -4.147899746894836426e-01
-2.372796386480331421e-01 -3.867429494857788086e-01
-3.307083547115325928e-01 -3.815000653266906738e-01
1.697932183742523193e-01 -4.160875082015991211e-01
2.565798163414001465e-01 -4.673688411712646484e-01
3.527197539806365967e-01 -4.709301888942718506e-01
4.377602636814117432e-01 -4.145524501800537109e-01
3.435052633285522461e-01 -3.827643692493438721e-01
2.505691647529602051e-01 -3.886388242244720459e-01
-2.242861241102218628e-01 2.021526396274566650e-01
-1.585890650749206543e-01 1.527538746595382690e-01
-5.856199190020561218e-02 1.250614225864410400e-01
5.326758604496717453e-03 1.297394037246704102e-01
6.976257264614105225e-02 1.252270638942718506e-01
1.666249483823776245e-01 1.543902605772018433e-01
2.301071882247924805e-01 2.049249708652496338e-01
1.618239283561706543e-01 2.455066442489624023e-01
6.829240918159484863e-02 2.646765410900115967e-01
1.944846473634243011e-03 2.681975066661834717e-01
-6.513635814189910889e-02 2.619729936122894287e-01
-1.604696512222290039e-01 2.406211495399475098e-01
-2.191616892814636230e-01 2.015450298786163330e-01
-5.792376771569252014e-02 1.903098672628402710e-01
4.274346400052309036e-03 1.874603778123855591e-01
6.677617877721786499e-02 1.930528283119201660e-01
2.281474918127059937e-01 2.046210318803787231e-01
6.779925525188446045e-02 1.974630802869796753e-01
3.376567270606756210e-03 1.977903544902801514e-01
-6.237101182341575623e-02 1.962020546197891235e-01
