-6.973469853401184082e-01 -5.976786613464355469e-01 3.572568893432617188e-01 1.000000000000000000e+00
-6.839922070503234863e-01 -4.010250270366668701e-01 3.684958517551422119e-01 1.000000000000000000e+00
-6.599425673484802246e-01 -1.796739697456359863e-01 3.666574954986572266e-01 1.000000000000000000e+00
-6.215952634811401367e-01 6.233629770576953888e-03 2.880018651485443115e-01 1.000000000000000000e+00
-5.552133321762084961e-01 1.709524691104888916e-01 1.364436149597167969e-01 1.000000000000000000e+00
-4.550023078918457031e-01 2.926222383975982666e-01 -7.662044465541839600e-02 1.000000000000000000e+00
-3.133293390274047852e-01 3.808645009994506836e-01 -2.335232347249984741e-01 1.000000000000000000e+00
-1.511844694614410400e-01 4.311972856521606445e-01 -3.963482975959777832e-01 1.000000000000000000e+00
3.446223586797714233e-02 4.634107351303100586e-01 -4.195490777492523193e-01 1.000000000000000000e+00
1.946744620800018311e-01 4.283504486083984375e-01 -3.917061388492584229e-01 1.000000000000000000e+00
3.594903051853179932e-01 3.790835440158843994e-01 -2.296633273363113403e-01 1.000000000000000000e+00
4.976290762424468994e-01 2.866525352001190186e-01 -7.331943511962890625e-02 1.000000000000000000e+00
5.962648391723632812e-01 1.644549518823623657e-01 1.387725621461868286e-01 1.000000000000000000e+00
6.603632569313049316e-01 4.730518849100917578e-04 2.874754071235656738e-01 1.000000000000000000e+00
6.963526010513305664e-01 -1.821064203977584839e-01 3.593401312828063965e-01 1.000000000000000000e+00
7.210835814476013184e-01 -4.032223820686340332e-01 3.517193496227264404e-01 1.000000000000000000e+00
7.386112809181213379e-01 -5.997971296310424805e-01 3.432170152664184570e-01 1.000000000000000000e+00
-5.741534233093261719e-01 -7.081326842308044434e-01 -9.798841178417205811e-02 1.000000000000000000e+00
-4.862618148326873779e-01 -8.806027173995971680e-01 -2.451798170804977417e-01 1.000000000000000000e+00
-3.475242853164672852e-01 -9.164298772811889648e-01 -3.783936798572540283e-01 1.000000000000000000e+00
-1.973308771848678589e-01 -8.968735337257385254e-01 -4.493089914321899414e-01 1.000000000000000000e+00
-6.970763206481933594e-02 -8.516387939453125000e-01 -4.682539105415344238e-01 1.000000000000000000e+00
1.229393482208251953e-01 -8.515537977218627930e-01 -4.702892601490020752e-01 1.000000000000000000e+00
2.497900724411010742e-01 -8.980678319931030273e-01 -4.564459621906280518e-01 1.000000000000000000e+00
3.993504345417022705e-01 -9.181164503097534180e-01 -3.854275941848754883e-01 1.000000000000000000e+00
5.358837246894836426e-01 -8.838047981262207031e-01 -2.515521645545959473e-01 1.000000000000000000e+00
6.210780739784240723e-01 -7.104344367980957031e-01 -1.067485064268112183e-01 1.000000000000000000e+00
2.799744717776775360e-02 -6.994132995605468750e-01 -4.907914102077484131e-01 1.000000000000000000e+00
2.998630702495574951e-02 -5.741327404975891113e-01 -5.738536715507507324e-01 1.000000000000000000e+00
2.948689274489879608e-02 -4.771770238876342773e-01 -6.516722440719604492e-01 1.000000000000000000e+00
2.965970151126384735e-02 -3.751028478145599365e-01 -7.170146107673645020e-01 1.000000000000000000e+00
-9.365127235651016235e-02 -2.520414292812347412e-01 -5.169664025306701660e-01 1.000000000000000000e+00
-3.506578505039215088e-02 -2.326310575008392334e-01 -5.498892664909362793e-01 1.000000000000000000e+00
2.591311745345592499e-02 -2.164969891309738159e-01 -5.712701678276062012e-01 1.000000000000000000e+00
8.752209693193435669e-02 -2.324336767196655273e-01 -5.523227453231811523e-01 1.000000000000000000e+00
1.457450538873672485e-01 -2.512717247009277344e-01 -5.199723243713378906e-01 1.000000000000000000e+00
-4.276768565177917480e-01 -6.471562981605529785e-01 -2.766108512878417969e-01 1.000000000000000000e+00
-3.401956558227539062e-01 -7.049003243446350098e-01 -3.696249723434448242e-01 1.000000000000000000e+00
-2.436853647232055664e-01 -7.004414796829223633e-01 -3.773250877857208252e-01 1.000000000000000000e+00
-1.561599224805831909e-01 -6.448073387145996094e-01 -3.478860259056091309e-01 1.000000000000000000e+00
-2.382140904664993286e-01 -6.178536415100097656e-01 -3.614134192466735840e-01 1.000000000000000000e+00
-3.334199488162994385e-01 -6.131705045700073242e-01 -3.515735566616058350e-01 1.000000000000000000e+00
2.065869271755218506e-01 -6.437367200851440430e-01 -3.536359667778015137e-01 1.000000000000000000e+00
2.931921780109405518e-01 -6.985276937484741211e-01 -3.841212689876556396e-01 1.000000000000000000e+00
3.899333775043487549e-01 -7.038322687149047852e-01 -3.779665827751159668e-01 1.000000000000000000e+00
4.785377979278564453e-01 -6.470959186553955078e-01 -2.850720882415771484e-01 1.000000000000000000e+00
3.829856812953948975e-01 -6.127842068672180176e-01 -3.594284057617187500e-01 1.000000000000000000e+00
2.879464924335479736e-01 -6.174951791763305664e-01 -3.682304918766021729e-01 1.000000000000000000e+00
-2.019136846065521240e-01 -2.300072088837623596e-02 -4.468464255332946777e-01 1.000000000000000000e+00
-1.362397670745849609e-01 -6.715569645166397095e-02 -5.362486839294433594e-01 1.000000000000000000e+00
-3.692099452018737793e-02 -9.258479624986648560e-02 -5.859667062759399414e-01 1.000000000000000000e+00
2.643130905926227570e-02 -8.740323781967163086e-02 -5.950525999069213867e-01 1.000000000000000000e+00
9.022945910692214966e-02 -9.276714920997619629e-02 -5.886774063110351562e-01 1.000000000000000000e+00
1.858027726411819458e-01 -6.665618717670440674e-02 -5.392571091651916504e-01 1.000000000000000000e+00
2.479778826236724854e-01 -2.177721448242664337e-02 -4.503330588340759277e-01 1.000000000000000000e+00
1.806101500988006592e-01 1.952023431658744812e-02 -5.226438045501708984e-01 1.000000000000000000e+00
8.775956928730010986e-02 3.873113915324211121e-02 -5.854797959327697754e-01 1.000000000000000000e+00
2.211392670869827271e-02 4.285435006022453308e-02 -5.915634036064147949e-01 1.000000000000000000e+00
-4.401572421193122864e-02 3.654672205448150635e-02 -5.839183330535888672e-01 1.000000000000000000e+00
-1.387972682714462280e-01 1.498621050268411636e-02 -5.233495831489562988e-01 1.000000000000000000e+00
-1.975326240062713623e-01 -2.413361892104148865e-02 -4.450356364250183105e-01 1.000000000000000000e+00
-3.677001595497131348e-02 -2.885528467595577240e-02 -5.436944961547851562e-01 1.000000000000000000e+00
2.507987432181835175e-02 -3.077060170471668243e-02 -5.466166138648986816e-01 1.000000000000000000e+00
8.710266649723052979e-02 -2.745211124420166016e-02 -5.442180633544921875e-01 1.000000000000000000e+00
2.463171929121017456e-01 -2.232613973319530487e-02 -4.504398703575134277e-01 1.000000000000000000e+00
8.823518455028533936e-02 -3.287513926625251770e-02 -5.591098070144653320e-01 1.000000000000000000e+00
2.297171950340270996e-02 -3.260413184762001038e-02 -5.676816701889038086e-01 1.000000000000000000e+00
-4.262001067399978638e-02 -3.391394391655921936e-02 -5.577244758605957031e-01 1.000000000000000000e+00
