-6.871112585067749023e-01 -6.017656326293945312e-01
-6.699532270431518555e-01 -4.182156324386596680e-01
-6.458027958869934082e-01 -2.324357479810714722e-01
-6.202861666679382324e-01 -5.442701652646064758e-02
-5.622643828392028809e-01 1.097325384616851807e-01
-4.725317656993865967e-01 2.556315064430236816e-01
-3.306858837604522705e-01 3.622553050518035889e-01
-1.538721621036529541e-01 4.247792959213256836e-01
2.123511582612991333e-02 4.438889622688293457e-01
1.968127042055130005e-01 4.221165478229522705e-01
3.784021437168121338e-01 3.595979809761047363e-01
5.153801441192626953e-01 2.479067444801330566e-01
6.044221520423889160e-01 1.018488258123397827e-01
6.598570942878723145e-01 -6.178340688347816467e-02
6.861464977264404297e-01 -2.397758662700653076e-01
7.095158100128173828e-01 -4.237298369407653809e-01
7.302143573760986328e-01 -6.030196547508239746e-01
-5.741534233093261719e-01 -7.081326842308044434e-01
-4.862618148326873779e-01 -8.806027173995971680e-01
-3.475242853164672852e-01 -9.164298772811889648e-01
-1.973308771848678589e-01 -8.968735337257385254e-01
-6.970763206481933594e-02 -8.516387939453125000e-01
1.229393482208251953e-01 -8.515537977218627930e-01
2.497900724411010742e-01 -8.980678319931030273e-01
3.993504345417022705e-01 -9.181164503097534180e-01
5.358837246894836426e-01 -8.838047981262207031e-01
6.210780739784240723e-01 -7.104344367980957031e-01
2.799744717776775360e-02 -6.994132995605468750e-01
2.998630702495574951e-02 -5.741327404975891113e-01
2.948689274489879608e-02 -4.771770238876342773e-01
2.965970151126384735e-02 -3.751028478145599365e-01
-9.365127235651016235e-02 -2.520414292812347412e-01
-3.506578505039215088e-02 -2.326310575008392334e-01
2.591311745345592499e-02 -2.164969891309738159e-01
8.752209693193435669e-02 -2.324336767196655273e-01
1.457450538873672485e-01 -2.512717247009277344e-01
-4.276768565177917480e-01 -6.471562981605529785e-01
-3.401956558227539062e-01 -7.049003243446350098e-01
-2.436853647232055664e-01 -7.004414796829223633e-01
-1.561599224805831909e-01 -6.448073387145996094e-01
-2.382140904664993286e-01 -6.178536415100097656e-01
-3.334199488162994385e-01 -6.131705045700073242e-01
2.065869271755218506e-01 -6.437367200851440430e-01
2.931921780109405518e-01 -6.985276937484741211e-01
3.899333775043487549e-01 -7.038322687149047852e-01
4.785377979278564453e-01 -6.470959186553955078e-01
3.829856812953948975e-01 -6.127842068672180176e-01
2.879464924335479736e-01 -6.174951791763305664e-01
-2.019136846065521240e-01 -2.300072088837623596e-02
-1.362397670745849609e-01 -6.715569645166397095e-02
-3.692099452018737793e-02 -9.258479624986648560e-02
2.643130905926227570e-02 -8.740323781967163086e-02
9.022945910692214966e-02 -9.276714920997619629e-02
1.858027726411819458e-01 -6.665618717670440674e-02
2.479778826236724854e-01 -2.177721448242664337e-02
1.806101500988006592e-01 1.952023431658744812e-02
8.775956928730010986e-02 3.873113915324211121e-02
2.211392670869827271e-02 4.285435006022453308e-02
-4.401572421193122864e-02 3.654672205448150635e-02
-1.387972682714462280e-01 1.498621050268411636e-02
-1.975326240062713623e-01 -2.413361892104148865e-02
-3.677001595497131348e-02 -2.885528467595577240e-02
2.507987432181835175e-02 -3.077060170471668243e-02
8.710266649723052979e-02 -2.745211124420166016e-02
2.463171929121017456e-01 -2.232613973319530487e-02
8.823518455028533936e-02 -3.287513926625251770e-02
2.297171950340270996e-02 -3.260413184762001038e-02
-4.262001067399978638e-02 -3.391394391655921936e-02
