-8.349528312683105469e-01 -5.967112779617309570e-01 3.767929077148437500e-01 1.000000000000000000e+00
-8.195307850837707520e-01 -3.926429748535156250e-01 3.880293369293212891e-01 1.000000000000000000e+00
-7.857533097267150879e-01 -1.630336344242095947e-01 3.888435959815979004e-01 1.000000000000000000e+00
-7.231476306915283203e-01 2.729729562997817993e-02 3.073195219039916992e-01 1.000000000000000000e+00
-6.551064252853393555e-01 1.994162797927856445e-01 1.515897363424301147e-01 1.000000000000000000e+00
-5.569344162940979004e-01 3.252844214439392090e-01 -6.525021791458129883e-02 1.000000000000000000e+00
-4.206255674362182617e-01 4.135664105415344238e-01 -2.248560041189193726e-01 1.000000000000000000e+00
-2.631351351737976074e-01 4.714935719966888428e-01 -3.945844471454620361e-01 1.000000000000000000e+00
-7.715097814798355103e-02 5.018483996391296387e-01 -4.145979583263397217e-01 1.000000000000000000e+00
8.486957103013992310e-02 4.697041809558868408e-01 -3.927646875381469727e-01 1.000000000000000000e+00
2.438977658748626709e-01 4.120051562786102295e-01 -2.230359613895416260e-01 1.000000000000000000e+00
3.758191466331481934e-01 3.188001811504364014e-01 -6.469958275556564331e-02 1.000000000000000000e+00
4.725150167942047119e-01 1.918731480836868286e-01 1.514120548963546753e-01 1.000000000000000000e+00
5.416535139083862305e-01 2.163638919591903687e-02 3.048417270183563232e-01 1.000000000000000000e+00
6.014947891235351562e-01 -1.632119268178939819e-01 3.788918852806091309e-01 1.000000000000000000e+00
6.333668231964111328e-01 -3.926792740821838379e-01 3.705006241798400879e-01 1.000000000000000000e+00
6.562491059303283691e-01 -5.967431664466857910e-01 3.640756011009216309e-01 1.000000000000000000e+00
-7.094338536262512207e-01 -7.133440971374511719e-01 -9.775840491056442261e-02 1.000000000000000000e+00
-6.233463287353515625e-01 -8.959568142890930176e-01 -2.487235814332962036e-01 1.000000000000000000e+00
-4.789787828922271729e-01 -9.356710910797119141e-01 -3.836770057678222656e-01 1.000000000000000000e+00
-3.207361698150634766e-01 -9.154300689697265625e-01 -4.551629424095153809e-01 1.000000000000000000e+00
-1.878929436206817627e-01 -8.678451776504516602e-01 -4.770441353321075439e-01 1.000000000000000000e+00
1.503950264304876328e-02 -8.685956597328186035e-01 -4.784812629222869873e-01 1.000000000000000000e+00
1.478829830884933472e-01 -9.178450107574462891e-01 -4.609842598438262939e-01 1.000000000000000000e+00
3.064289093017578125e-01 -9.380712509155273438e-01 -3.887645900249481201e-01 1.000000000000000000e+00
4.487956762313842773e-01 -8.988642096519470215e-01 -2.524003684520721436e-01 1.000000000000000000e+00
5.305657386779785156e-01 -7.148913145065307617e-01 -1.031316891312599182e-01 1.000000000000000000e+00
-8.627278357744216919e-02 -7.039201259613037109e-01 -5.123420953750610352e-01 1.000000000000000000e+00
-8.385076373815536499e-02 -5.697284936904907227e-01 -6.110234856605529785e-01 1.000000000000000000e+00
-8.427914977073669434e-02 -4.653445184230804443e-01 -7.004539370536804199e-01 1.000000000000000000e+00
-8.482827991247177124e-02 -3.555238246917724609e-01 -7.702485918998718262e-01 1.000000000000000000e+00
-2.206734865903854370e-01 -2.216411679983139038e-01 -5.631114840507507324e-01 1.000000000000000000e+00
-1.550385057926177979e-01 -2.004448920488357544e-01 -5.978676676750183105e-01 1.000000000000000000e+00
-8.710052073001861572e-02 -1.827922761440277100e-01 -6.204785704612731934e-01 1.000000000000000000e+00
-1.865147612988948822e-02 -1.998450607061386108e-01 -5.999411344528198242e-01 1.000000000000000000e+00
4.742635786533355713e-02 -2.203198373317718506e-01 -5.664469599723815918e-01 1.000000000000000000e+00
-5.658306479454040527e-01 -6.518396735191345215e-01 -2.870928049087524414e-01 1.000000000000000000e+00
-4.730844199657440186e-01 -7.129852771759033203e-01 -3.833392858505249023e-01 1.000000000000000000e+00
-3.724195361137390137e-01 -7.077304124832153320e-01 -3.919658660888671875e-01 1.000000000000000000e+00
-2.831185460090637207e-01 -6.475557684898376465e-01 -3.638122677803039551e-01 1.000000000000000000e+00
-3.679224848747253418e-01 -6.198146939277648926e-01 -3.764894902706146240e-01 1.000000000000000000e+00
-4.686076045036315918e-01 -6.150233149528503418e-01 -3.664335906505584717e-01 1.000000000000000000e+00
1.062152907252311707e-01 -6.473613977432250977e-01 -3.658423423767089844e-01 1.000000000000000000e+00
1.959104537963867188e-01 -7.067368626594543457e-01 -3.964980840682983398e-01 1.000000000000000000e+00
2.969906926155090332e-01 -7.126298546791076660e-01 -3.891038000583648682e-01 1.000000000000000000e+00
3.905668556690216064e-01 -6.525635123252868652e-01 -2.929992973804473877e-01 1.000000000000000000e+00
2.912260890007019043e-01 -6.159085631370544434e-01 -3.703065216541290283e-01 1.000000000000000000e+00
1.906200498342514038e-01 -6.204106807708740234e-01 -3.794028460979461670e-01 1.000000000000000000e+00
-3.271546363830566406e-01 1.999748498201370239e-02 -4.939248561859130859e-01 1.000000000000000000e+00
-2.590807378292083740e-01 -2.072609402239322662e-02 -5.910311341285705566e-01 1.000000000000000000e+00
-1.540592759847640991e-01 -4.653955996036529541e-02 -6.428102850914001465e-01 1.000000000000000000e+00
-8.685468882322311401e-02 -4.041986167430877686e-02 -6.526971459388732910e-01 1.000000000000000000e+00
-1.901769079267978668e-02 -4.692420363426208496e-02 -6.456234455108642578e-01 1.000000000000000000e+00
8.182810992002487183e-02 -2.072956226766109467e-02 -5.942288041114807129e-01 1.000000000000000000e+00
1.458490192890167236e-01 1.848002895712852478e-02 -4.948872029781341553e-01 1.000000000000000000e+00
7.957004755735397339e-02 6.131053715944290161e-02 -5.710865259170532227e-01 1.000000000000000000e+00
-2.012581564486026764e-02 8.454538881778717041e-02 -6.383247375488281250e-01 1.000000000000000000e+00
-9.083702415227890015e-02 9.017115086317062378e-02 -6.442825198173522949e-01 1.000000000000000000e+00
-1.616621911525726318e-01 8.341830223798751831e-02 -6.373648047447204590e-01 1.000000000000000000e+00
-2.630976438522338867e-01 5.894244089722633362e-02 -5.720595121383666992e-01 1.000000000000000000e+00
-3.220495581626892090e-01 1.970561221241950989e-02 -4.921067953109741211e-01 1.000000000000000000e+00
-1.538791805505752563e-01 2.331507392227649689e-02 -5.991457104682922363e-01 1.000000000000000000e+00
-8.840280026197433472e-02 2.227631770074367523e-02 -6.028779149055480957e-01 1.000000000000000000e+00
-2.268635667860507965e-02 2.337753213942050934e-02 -5.996382832527160645e-01 1.000000000000000000e+00
1.438722908496856689e-01 1.834213919937610626e-02 -4.950954914093017578e-01 1.000000000000000000e+00
-2.034449577331542969e-02 6.395515520125627518e-03 -6.119115352630615234e-01 1.000000000000000000e+00
-9.025205671787261963e-02 7.335110101848840714e-03 -6.210439205169677734e-01 1.000000000000000000e+00
-1.600070595741271973e-01 6.702466867864131927e-03 -6.106607913970947266e-01 1.000000000000000000e+00
