-8.200840950012207031e-01 -6.015245318412780762e-01
-7.948727011680603027e-01 -4.111243188381195068e-01
-7.582613825798034668e-01 -2.177367955446243286e-01
-7.282335162162780762e-01 -3.270770609378814697e-02
-6.689952611923217773e-01 1.394707709550857544e-01
-5.765965580940246582e-01 2.888983786106109619e-01
-4.381411969661712646e-01 3.953580260276794434e-01
-2.658954262733459473e-01 4.654719233512878418e-01
-9.062259644269943237e-02 4.845249354839324951e-01
8.699461817741394043e-02 4.638237953186035156e-01
2.626394033432006836e-01 3.925980329513549805e-01
3.957624137401580811e-01 2.801749110221862793e-01
4.886859655380249023e-01 1.303102374076843262e-01
5.439472794532775879e-01 -4.157730191946029663e-02
5.739883780479431152e-01 -2.253977656364440918e-01
6.103319525718688965e-01 -4.160913825035095215e-01
6.411813497543334961e-01 -6.011431813240051270e-01
-7.094338536262512207e-01 -7.133440971374511719e-01
-6.233463287353515625e-01 -8.959568142890930176e-01
-4.789787828922271729e-01 -9.356710910797119141e-01
-3.207361698150634766e-01 -9.154300689697265625e-01
-1.878929436206817627e-01 -8.678451776504516602e-01
1.503950264304876328e-02 -8.685956597328186035e-01
1.478829830884933472e-01 -9.178450107574462891e-01
3.064289093017578125e-01 -9.380712509155273438e-01
4.487956762313842773e-01 -8.988642096519470215e-01
5.305657386779785156e-01 -7.148913145065307617e-01
-8.627278357744216919e-02 -7.039201259613037109e-01
-8.385076373815536499e-02 -5.697284936904907227e-01
-8.427914977073669434e-02 -4.653445184230804443e-01
-8.482827991247177124e-02 -3.555238246917724609e-01
-2.206734865903854370e-01 -2.216411679983139038e-01
-1.550385057926177979e-01 -2.004448920488357544e-01
-8.710052073001861572e-02 -1.827922761440277100e-01
-1.865147612988948822e-02 -1.998450607061386108e-01
4.742635786533355713e-02 -2.203198373317718506e-01
-5.658306479454040527e-01 -6.518396735191345215e-01
-4.730844199657440186e-01 -7.129852771759033203e-01
-3.724195361137390137e-01 -7.077304124832153320e-01
-2.831185460090637207e-01 -6.475557684898376465e-01
-3.679224848747253418e-01 -6.198146939277648926e-01
-4.686076045036315918e-01 -6.150233149528503418e-01
1.062152907252311707e-01 -6.473613977432250977e-01
1.959104537963867188e-01 -7.067368626594543457e-01
2.969906926155090332e-01 -7.126298546791076660e-01
3.905668556690216064e-01 -6.525635123252868652e-01
2.912260890007019043e-01 -6.159085631370544434e-01
1.906200498342514038e-01 -6.204106807708740234e-01
-3.271546363830566406e-01 1.999748498201370239e-02
-2.590807378292083740e-01 -2.072609402239322662e-02
-1.540592759847640991e-01 -4.653955996036529541e-02
-8.685468882322311401e-02 -4.041986167430877686e-02
-1.901769079267978668e-02 -4.692420363426208496e-02
8.182810992002487183e-02 -2.072956226766109467e-02
1.458490192890167236e-01 1.848002895712852478e-02
7.957004755735397339e-02 6.131053715944290161e-02
-2.012581564486026764e-02 8.454538881778717041e-02
-9.083702415227890015e-02 9.017115086317062378e-02
-1.616621911525726318e-01 8.341830223798751831e-02
-2.630976438522338867e-01 5.894244089722633362e-02
-3.220495581626892090e-01 1.970561221241950989e-02
-1.538791805505752563e-01 2.331507392227649689e-02
-8.840280026197433472e-02 2.227631770074367523e-02
-2.268635667860507965e-02 2.337753213942050934e-02
1.438722908496856689e-01 1.834213919937610626e-02
-2.034449577331542969e-02 6.395515520125627518e-03
-9.025205671787261963e-02 7.335110101848840714e-03
-1.600070595741271973e-01 6.702466867864131927e-03
