-7.202318310737609863e-01 -3.641607165336608887e-01 3.491066694259643555e-01 1.000000000000000000e+00
-7.096905112266540527e-01 -1.665657460689544678e-01 3.633349239826202393e-01 1.000000000000000000e+00
-6.917439103126525879e-01 5.451226606965065002e-02 3.630125820636749268e-01 1.000000000000000000e+00
-6.694362759590148926e-01 2.352926284074783325e-01 2.840500175952911377e-01 1.000000000000000000e+00
-5.951943993568420410e-01 3.912871479988098145e-01 1.312934756278991699e-01 1.000000000000000000e+00
-4.916365146636962891e-01 5.108630061149597168e-01 -8.735681325197219849e-02 1.000000000000000000e+00
-3.472496867179870605e-01 5.967941284179687500e-01 -2.481825053691864014e-01 1.000000000000000000e+00
-1.775786876678466797e-01 6.443495154380798340e-01 -4.088531434535980225e-01 1.000000000000000000e+00
1.204590126872062683e-02 6.760488748550415039e-01 -4.346519708633422852e-01 1.000000000000000000e+00
1.749095320701599121e-01 6.404054760932922363e-01 -4.054136872291564941e-01 1.000000000000000000e+00
3.484556972980499268e-01 5.954191684722900391e-01 -2.463345974683761597e-01 1.000000000000000000e+00
4.874585270881652832e-01 5.038750767707824707e-01 -8.581756055355072021e-02 1.000000000000000000e+00
5.908889174461364746e-01 3.838607668876647949e-01 1.307206153869628906e-01 1.000000000000000000e+00
6.571144461631774902e-01 2.260267734527587891e-01 2.836366593837738037e-01 1.000000000000000000e+00
6.825727224349975586e-01 5.025203898549079895e-02 3.564776778221130371e-01 1.000000000000000000e+00
7.029523849487304688e-01 -1.714114099740982056e-01 3.459851741790771484e-01 1.000000000000000000e+00
7.180926203727722168e-01 -3.700164854526519775e-01 3.319697380065917969e-01 1.000000000000000000e+00
-5.870366096496582031e-01 -4.723085165023803711e-01 -9.689101576805114746e-02 1.000000000000000000e+00
-4.958823919296264648e-01 -6.414468288421630859e-01 -2.419546544551849365e-01 1.000000000000000000e+00
-3.550795316696166992e-01 -6.778174042701721191e-01 -3.722316920757293701e-01 1.000000000000000000e+00
-2.064465135335922241e-01 -6.621971130371093750e-01 -4.371672570705413818e-01 1.000000000000000000e+00
-8.213153481483459473e-02 -6.216889023780822754e-01 -4.527864456176757812e-01 1.000000000000000000e+00
9.894202649593353271e-02 -6.215177178382873535e-01 -4.564102292060852051e-01 1.000000000000000000e+00
2.222364097833633423e-01 -6.634075045585632324e-01 -4.483066499233245850e-01 1.000000000000000000e+00
3.696934878826141357e-01 -6.809139251708984375e-01 -3.837845027446746826e-01 1.000000000000000000e+00
5.060989856719970703e-01 -6.471067070960998535e-01 -2.514063417911529541e-01 1.000000000000000000e+00
5.949227809906005859e-01 -4.783063828945159912e-01 -1.090221852064132690e-01 1.000000000000000000e+00
1.040269806981086731e-02 -4.814823567867279053e-01 -4.805645644664764404e-01 1.000000000000000000e+00
1.107956282794475555e-02 -3.670360147953033447e-01 -5.763119459152221680e-01 1.000000000000000000e+00
9.943610988557338715e-03 -2.717776000499725342e-01 -6.616647243499755859e-01 1.000000000000000000e+00
1.033408287912607193e-02 -1.670387387275695801e-01 -7.347626090049743652e-01 1.000000000000000000e+00
-1.165564283728599548e-01 -3.996857628226280212e-02 -5.206865668296813965e-01 1.000000000000000000e+00
-5.677888914942741394e-02 -2.034882828593254089e-02 -5.576091408729553223e-01 1.000000000000000000e+00
4.524589981883764267e-03 -3.819766454398632050e-03 -5.819674730300903320e-01 1.000000000000000000e+00
6.644297391176223755e-02 -2.024564705789089203e-02 -5.611943006515502930e-01 1.000000000000000000e+00
1.251601427793502808e-01 -3.851575404405593872e-02 -5.246592760086059570e-01 1.000000000000000000e+00
-4.243941307067871094e-01 -4.127073884010314941e-01 -2.634501457214355469e-01 1.000000000000000000e+00
-3.390921950340270996e-01 -4.702729284763336182e-01 -3.556366562843322754e-01 1.000000000000000000e+00
-2.431483268737792969e-01 -4.674649536609649658e-01 -3.620978593826293945e-01 1.000000000000000000e+00
-1.548333019018173218e-01 -4.147876799106597900e-01 -3.300924599170684814e-01 1.000000000000000000e+00
-2.372696101665496826e-01 -3.867405652999877930e-01 -3.479035496711730957e-01 1.000000000000000000e+00
-3.306984305381774902e-01 -3.814976811408996582e-01 -3.382410705089569092e-01 1.000000000000000000e+00
1.698012650012969971e-01 -4.160852134227752686e-01 -3.394418358802795410e-01 1.000000000000000000e+00
2.565878033638000488e-01 -4.673674404621124268e-01 -3.724954724311828613e-01 1.000000000000000000e+00
3.527279794216156006e-01 -4.709291160106658936e-01 -3.676261901855468750e-01 1.000000000000000000e+00
4.377687573432922363e-01 -4.145507514476776123e-01 -2.733055353164672852e-01 1.000000000000000000e+00
3.435132801532745361e-01 -3.827620446681976318e-01 -3.485450446605682373e-01 1.000000000000000000e+00
2.505770623683929443e-01 -3.886364102363586426e-01 -3.573051393032073975e-01 1.000000000000000000e+00
-2.242754250764846802e-01 2.021564841270446777e-01 -4.597769677639007568e-01 1.000000000000000000e+00
-1.585792899131774902e-01 1.527558714151382446e-01 -5.509509444236755371e-01 1.000000000000000000e+00
-5.855327099561691284e-02 1.250623315572738647e-01 -6.024915575981140137e-01 1.000000000000000000e+00
5.335376132279634476e-03 1.297402381896972656e-01 -6.124346852302551270e-01 1.000000000000000000e+00
6.977102160453796387e-02 1.252279579639434814e-01 -6.064227819442749023e-01 1.000000000000000000e+00
1.666324436664581299e-01 1.543921381235122681e-01 -5.559336543083190918e-01 1.000000000000000000e+00
2.301138639450073242e-01 2.049286365509033203e-01 -4.676027297973632812e-01 1.000000000000000000e+00
1.618311405181884766e-01 2.455108314752578735e-01 -5.350747108459472656e-01 1.000000000000000000e+00
6.830024719238281250e-02 2.646817564964294434e-01 -5.953055620193481445e-01 1.000000000000000000e+00
1.953219296410679817e-03 2.682025730609893799e-01 -6.003552675247192383e-01 1.000000000000000000e+00
-6.512747704982757568e-02 2.619780898094177246e-01 -5.927231907844543457e-01 1.000000000000000000e+00
-1.604599058628082275e-01 2.406250089406967163e-01 -5.335370898246765137e-01 1.000000000000000000e+00
-2.191511392593383789e-01 2.015488743782043457e-01 -4.577316343784332275e-01 1.000000000000000000e+00
-5.791481211781501770e-02 1.903107464313507080e-01 -5.568777322769165039e-01 1.000000000000000000e+00
4.282956942915916443e-03 1.874612718820571899e-01 -5.603368878364562988e-01 1.000000000000000000e+00
6.678421795368194580e-02 1.930539309978485107e-01 -5.586141943931579590e-01 1.000000000000000000e+00
2.281542569398880005e-01 2.046246379613876343e-01 -4.675006866455078125e-01 1.000000000000000000e+00
6.780738383531570435e-02 1.974689811468124390e-01 -5.685045719146728516e-01 1.000000000000000000e+00
3.384954063221812248e-03 1.977964043617248535e-01 -5.763217210769653320e-01 1.000000000000000000e+00
-6.236212328076362610e-02 1.962077319622039795e-01 -5.663530230522155762e-01 1.000000000000000000e+00
