-7.121046781539916992e-01 -3.679018020629882812e-01
-6.917022466659545898e-01 -1.863693445920944214e-01
-6.788116693496704102e-01 -3.359575755894184113e-03
-6.572525501251220703e-01 1.717852801084518433e-01
-5.947294235229492188e-01 3.299150764942169189e-01
-5.070307850837707520e-01 4.737684130668640137e-01
-3.649064004421234131e-01 5.786738395690917969e-01
-1.801828145980834961e-01 6.383745074272155762e-01
-1.276344992220401764e-03 6.567825675010681152e-01
1.773485988378524780e-01 6.346011161804199219e-01
3.679213821887969971e-01 5.765312314033508301e-01
5.039753317832946777e-01 4.654645621776580811e-01
5.918811559677124023e-01 3.218789398670196533e-01
6.526992321014404297e-01 1.642689257860183716e-01
6.758381128311157227e-01 -1.203266158699989319e-02
6.886560320854187012e-01 -1.946956515312194824e-01
7.109527587890625000e-01 -3.732503950595855713e-01
-5.870366096496582031e-01 -4.723085165023803711e-01
-4.958823919296264648e-01 -6.414468288421630859e-01
-3.550795316696166992e-01 -6.778174042701721191e-01
-2.064465135335922241e-01 -6.621971130371093750e-01
-8.213153481483459473e-02 -6.216889023780822754e-01
9.894202649593353271e-02 -6.215177178382873535e-01
2.222364097833633423e-01 -6.634075045585632324e-01
3.696934878826141357e-01 -6.809139251708984375e-01
5.060989856719970703e-01 -6.471067070960998535e-01
5.949227809906005859e-01 -4.783063828945159912e-01
1.040269806981086731e-02 -4.814823567867279053e-01
1.107956282794475555e-02 -3.670360147953033447e-01
9.943610988557338715e-03 -2.717776000499725342e-01
1.033408287912607193e-02 -1.670387387275695801e-01
-1.165564283728599548e-01 -3.996857628226280212e-02
-5.677888914942741394e-02 -2.034882828593254089e-02
4.524589981883764267e-03 -3.819766454398632050e-03
6.644297391176223755e-02 -2.024564705789089203e-02
1.251601427793502808e-01 -3.851575404405593872e-02
-4.243941307067871094e-01 -4.127073884010314941e-01
-3.390921950340270996e-01 -4.702729284763336182e-01
-2.431483268737792969e-01 -4.674649536609649658e-01
-1.548333019018173218e-01 -4.147876799106597900e-01
-2.372696101665496826e-01 -3.867405652999877930e-01
-3.306984305381774902e-01 -3.814976811408996582e-01
1.698012650012969971e-01 -4.160852134227752686e-01
2.565878033638000488e-01 -4.673674404621124268e-01
3.527279794216156006e-01 -4.709291160106658936e-01
4.377687573432922363e-01 -4.145507514476776123e-01
3.435132801532745361e-01 -3.827620446681976318e-01
2.505770623683929443e-01 -3.886364102363586426e-01
-2.242754250764846802e-01 2.021564841270446777e-01
-1.585792899131774902e-01 1.527558714151382446e-01
-5.855327099561691284e-02 1.250623315572738647e-01
5.335376132279634476e-03 1.297402381896972656e-01
6.977102160453796387e-02 1.252279579639434814e-01
1.666324436664581299e-01 1.543921381235122681e-01
2.301138639450073242e-01 2.049286365509033203e-01
1.618311405181884766e-01 2.455108314752578735e-01
6.830024719238281250e-02 2.646817564964294434e-01
1.953219296410679817e-03 2.682025730609893799e-01
-6.512747704982757568e-02 2.619780898094177246e-01
-1.604599058628082275e-01 2.406250089406967163e-01
-2.191511392593383789e-01 2.015488743782043457e-01
-5.791481211781501770e-02 1.903107464313507080e-01
4.282956942915916443e-03 1.874612718820571899e-01
6.678421795368194580e-02 1.930539309978485107e-01
2.281542569398880005e-01 2.046246379613876343e-01
6.780738383531570435e-02 1.974689811468124390e-01
3.384954063221812248e-03 1.977964043617248535e-01
-6.236212328076362610e-02 1.962077319622039795e-01
